14 0 0 0 10 0 12 0 0 40 0 0 0 0 0 0
0 0 0 0 0 0 0 0 0 40 0 0 0 0 0 0
0 0 0 18 0 0 0 12 0 0 0 0 0 48 0 48
0 0 0 36 0 0 0 0 0 0 3 0 0 0 0 0
63 0 0 0 45 0 54 0 0 72 0 0 0 0 0 0
0 0 0 0 0 0 0 0 0 0 0 0 0 0 0 0
0 0 0 0 0 0 0 0 0 0 0 0 0 0 0 0
0 0 0 0 0 0 0 0 56 0 0 0 49 0 49 49
0 0 0 3 0 0 0 2 0 0 0 0 0 8 0 8
0 0 0 0 0 0 0 0 30 0 0 0 0 0 30 0
0 0 0 0 0 0 0 0 0 0 28 0 0 0 0 0
0 0 0 0 0 0 0 0 36 0 0 0 0 0 36 0
0 0 0 0 0 0 0 49 7 8 0 0 0 0 0 0
0 0 0 28 0 0 0 0 0 0 0 0 0 0 0 0
0 0 0 0 0 0 0 0 0 0 0 0 0 0 0 0
12 0 0 0 0 0 36 0 0 0 0 0 0 0 0 0
