239 374 267 272 270 261 344 430 346 330 336 353 311 375 300 333
143 299 255 182 284 269 231 345 361 278 248 346 253 333 272 268
288 475 370 392 357 293 414 560 420 390 401 513 466 435 380 472
176 179 125 113 125 138 203 258 205 205 169 169 198 192 165 184
219 347 186 175 251 261 327 394 400 377 271 364 339 363 308 304
247 332 317 241 290 289 352 429 356 316 336 341 290 343 254 354
164 261 273 229 197 242 301 356 318 286 273 271 255 310 232 266
220 357 215 214 256 228 304 385 328 300 285 394 343 320 285 346
165 234 198 184 137 161 196 333 243 178 210 273 196 236 192 215
221 430 347 359 297 293 353 521 384 298 395 474 340 402 337 371
237 330 316 272 302 284 341 503 426 305 305 431 322 379 282 359
296 363 291 214 264 245 255 376 342 385 278 289 266 344 286 344
271 318 326 198 292 346 375 474 430 329 368 364 304 370 312 395
220 357 268 219 281 265 302 391 375 361 271 344 334 403 279 306
208 247 181 117 191 191 174 322 304 195 176 276 191 276 206 300
224 385 341 253 293 258 287 364 343 379 276 320 343 419 239 346
