0 0 0 0 0 0 0 0 0 0 0 0 0 0 0 0
0 0 0 0 0 12 0 0 0 0 32 0 0 0 0 0
0 0 0 0 0 28 0 0 20 0 20 28 0 0 0 0
0 0 0 0 0 0 0 0 0 0 0 0 0 0 0 0
0 0 0 0 0 0 0 0 0 0 0 0 0 0 0 0
0 0 0 0 0 76 0 0 0 0 32 0 0 0 0 0
0 0 0 0 0 0 0 0 0 0 0 0 0 0 0 0
0 0 0 0 0 4 0 16 45 0 0 9 0 0 0 0
0 45 0 0 0 9 0 54 0 0 27 0 0 0 0 0
0 20 0 0 0 0 0 8 0 0 12 0 0 0 0 0
0 0 0 0 0 0 0 0 0 0 0 0 0 18 54 0
0 0 0 0 0 9 0 0 0 0 24 0 0 0 0 0
0 0 0 18 0 0 0 0 0 0 0 0 0 0 0 0
0 0 0 0 0 62 0 0 10 0 10 14 0 0 0 0
0 0 0 0 0 0 0 0 0 0 0 0 0 0 0 0
0 0 0 27 0 64 0 0 0 0 0 12 24 0 0 0
