377 439 383 373 355 394 292 311 311 361 237 308 289 329 195 365
376 412 472 376 383 427 290 291 322 385 257 291 311 339 216 364
451 451 514 425 385 475 348 335 313 444 283 324 324 424 243 360
284 286 296 244 257 272 233 224 201 272 175 253 259 250 130 212
318 350 362 304 285 373 180 230 194 382 165 236 238 318 205 255
407 486 515 487 397 492 376 397 372 502 223 440 336 467 266 407
439 449 434 426 402 418 353 309 278 402 270 286 316 321 246 345
347 359 343 323 310 360 290 288 262 372 189 341 321 344 137 278
304 255 284 256 242 284 182 193 118 289 144 150 175 263 185 184
452 532 511 489 463 486 417 395 363 466 296 408 390 376 296 419
315 428 347 338 275 353 287 273 269 364 201 290 216 373 188 321
265 384 347 290 265 336 254 199 239 302 238 285 244 308 201 298
408 372 495 421 385 439 338 314 281 413 246 313 328 366 263 320
406 389 390 304 359 385 300 249 335 358 216 329 355 299 212 260
332 441 402 397 329 356 301 326 319 361 205 254 236 311 219 351
511 569 578 543 486 560 445 418 381 574 312 399 432 509 316 445
