24 64 0 0 0 0 0 0 0 0 0 0 0 0 0 0
0 4 0 0 0 0 0 0 0 0 28 0 0 0 0 0
0 0 0 0 0 0 0 0 3 0 28 6 0 0 0 0
3 64 0 72 0 0 0 0 0 64 63 45 0 0 0 0
18 0 0 0 0 42 0 54 0 0 0 48 0 0 0 0
0 0 0 0 0 9 0 0 0 0 0 0 0 0 0 0
0 0 0 0 0 7 0 0 15 0 0 30 0 0 0 0
0 0 0 0 0 0 0 0 0 0 0 0 0 0 0 0
27 82 0 0 0 0 0 0 0 16 0 0 14 0 0 0
0 0 0 0 0 40 0 0 0 0 0 0 0 0 0 0
0 0 0 0 0 39 0 0 0 0 48 0 0 0 0 0
0 0 0 0 0 0 0 0 0 0 0 0 0 0 0 0
0 0 0 0 0 0 0 0 0 0 0 0 0 0 0 0
0 0 0 0 0 35 0 0 0 0 56 0 0 0 0 0
0 0 0 0 0 0 0 0 0 0 0 0 0 0 0 0
0 40 0 0 0 0 0 0 0 64 0 0 56 0 0 0
