308 316 253 263 252 411 296 372 336 219 298 314 328 269 274 300
288 299 292 228 251 287 272 328 346 269 304 369 377 268 273 346
403 371 335 241 321 401 359 366 464 312 343 418 427 341 337 371
313 308 316 307 287 373 321 411 378 221 304 336 361 225 307 302
351 364 278 214 285 366 350 375 343 285 330 375 327 347 295 362
395 386 325 295 343 404 366 404 450 298 349 383 413 277 319 379
373 379 304 290 316 388 351 416 351 313 323 411 375 313 321 394
360 411 374 237 356 364 403 407 378 277 303 409 439 331 288 362
347 291 297 245 229 326 256 356 368 248 336 297 374 209 271 314
351 348 356 237 288 378 321 370 386 236 332 341 445 249 273 324
219 294 256 197 205 241 225 288 305 255 272 319 338 288 200 309
297 346 250 236 216 265 213 323 223 261 288 318 286 240 194 360
369 386 344 290 329 443 383 386 439 342 441 419 464 326 319 418
294 344 223 255 272 363 262 328 361 192 306 321 292 213 280 290
284 276 254 171 212 235 255 292 244 252 196 279 287 266 179 276
344 418 364 302 335 422 385 436 458 310 385 459 425 384 356 385
