1025 1242 1201 1146 1225 1099 1232 1274 980 1165 1139 1093 1322 1045 1163 1119 1176 1008 1248 1219 1076 920 1181 1291 1205 1276 1051 1178 1071 1004 1105 1043 1181 1300 1227 1241 1111 1178 933 1193 900 969 1170 1201 1245 1365 1136 1089 1051 1346 864 1032 1013 1317 1162 1127 1217 1026 1157 1205 1002 1189 1262 1237
1127 1457 1357 1263 1223 1228 1435 1509 1339 1321 1233 1158 1317 1328 1320 1266 1401 1255 1366 1246 1400 1158 1326 1438 1391 1495 1325 1325 1295 1194 1378 1248 1291 1392 1315 1335 1276 1472 1078 1458 961 1153 1415 1358 1334 1633 1314 1257 1271 1480 1150 1203 1319 1471 1479 1180 1363 1274 1397 1380 1293 1425 1393 1471
1049 1324 1104 1203 1237 1143 1103 1267 1159 1222 1200 1137 1194 1121 1232 1117 1121 1124 1076 1194 1153 865 1121 1343 1197 1358 1135 1136 1006 1124 1172 1112 1074 1348 1072 1280 1177 1154 995 1328 953 935 1277 1258 1247 1411 1055 1158 1073 1225 1093 975 1060 1389 1248 1101 1223 1119 1103 1390 1084 1183 1227 1321
1019 1196 1265 1193 1196 1120 1115 1208 1212 1195 1282 1193 1165 1124 1127 1103 1182 1022 1094 1238 1037 869 1186 1251 1248 1360 1167 1247 1108 1095 989 1075 1197 1279 1176 1221 1188 1172 963 1246 875 867 1339 1297 1165 1440 1225 1080 1209 1312 962 1060 909 1300 1253 923 1283 1093 1165 1367 1205 1172 1141 1365
1123 1473 1429 1181 1438 1221 1362 1523 1378 1539 1306 1260 1553 1422 1475 1235 1400 1134 1368 1371 1245 1079 1303 1559 1384 1472 1282 1292 1298 1347 1255 1367 1342 1550 1420 1403 1305 1421 1136 1476 926 1184 1472 1487 1390 1558 1334 1392 1353 1439 1070 1263 1309 1528 1459 1206 1280 1198 1571 1464 1296 1546 1521 1536
1033 1028 1083 1071 1069 1010 1104 1207 1133 1032 1038 836 1012 963 1052 986 1048 799 1175 1125 1126 832 1103 1063 1123 1201 1081 1226 957 885 957 941 1008 1139 1180 997 1017 1103 948 1136 692 958 1171 1169 1245 1292 943 1023 1106 1325 823 1055 958 1080 1139 967 1057 1003 1137 1218 1043 1097 1081 1157
921 1111 1192 1137 1172 1125 1184 1386 1160 1319 1206 1083 1232 1187 1257 1091 1195 1171 1231 1248 1151 1087 1248 1347 1141 1458 1132 1248 1113 1060 1239 1162 1207 1221 1240 1386 1244 1272 1081 1411 878 989 1404 1417 1252 1524 1236 1176 1204 1134 1020 1186 977 1304 1283 1020 1238 1180 1343 1276 1206 1366 1296 1368
1246 1492 1273 1198 1380 1186 1254 1263 1238 1293 1385 1147 1318 1261 1429 1241 1240 1159 1203 1217 1239 1019 1106 1323 1353 1443 1249 1183 1225 1334 1252 1270 1264 1496 1128 1432 1296 1261 1057 1310 949 991 1336 1499 1259 1537 1235 1103 1197 1389 1097 1170 1112 1336 1265 1137 1212 1105 1285 1495 1200 1437 1340 1424
1181 1388 1310 1254 1313 1330 1326 1392 1257 1369 1308 1242 1413 1359 1376 1255 1410 1311 1306 1264 1405 1101 1232 1491 1360 1600 1205 1327 1219 1302 1366 1371 1355 1470 1356 1453 1275 1344 1168 1380 1079 1118 1490 1388 1530 1572 1297 1236 1263 1564 1136 1204 1186 1490 1391 1315 1448 1285 1360 1511 1373 1366 1522 1497
1297 1590 1399 1403 1484 1507 1438 1658 1403 1417 1532 1384 1424 1425 1555 1323 1479 1238 1451 1486 1382 1078 1331 1637 1545 1598 1525 1433 1275 1359 1389 1415 1474 1616 1454 1462 1402 1510 1211 1663 1062 1260 1593 1589 1392 1724 1452 1410 1327 1676 1130 1316 1370 1595 1659 1264 1454 1415 1558 1606 1364 1610 1600 1602
1253 1359 1340 1408 1480 1297 1624 1707 1523 1443 1525 1600 1589 1479 1428 1394 1500 1334 1478 1551 1368 1152 1519 1653 1539 1652 1490 1537 1327 1397 1432 1331 1526 1567 1355 1539 1463 1435 1238 1584 1017 1269 1623 1596 1504 1854 1483 1486 1326 1691 1218 1331 1277 1534 1547 1334 1556 1340 1593 1693 1381 1588 1477 1720
1124 1415 1282 1284 1320 1238 1245 1509 1060 1389 1472 1213 1415 1169 1285 1286 1272 1376 1295 1433 1356 1126 1234 1532 1307 1651 1286 1319 1179 1231 1380 1364 1194 1485 1230 1518 1189 1333 1080 1650 1089 1065 1502 1455 1452 1670 1236 1322 1420 1428 1162 1259 1157 1573 1430 1349 1468 1367 1446 1573 1253 1422 1396 1566
1048 1353 1248 1215 1178 1165 1198 1399 1261 1356 1136 1288 1237 1201 1260 1185 1293 1104 1317 1245 1295 1049 1190 1432 1366 1394 1149 1226 1202 1139 1251 1147 1164 1341 1257 1401 1097 1231 996 1425 936 1015 1295 1400 1208 1341 1139 1295 1248 1424 1164 1077 1354 1441 1424 1117 1259 1170 1225 1469 1113 1419 1427 1387
913 1028 971 1071 1092 989 1046 1247 1043 1058 1235 1102 1021 947 938 991 1111 940 1143 1023 1025 857 1075 1231 1096 1228 1117 1094 890 970 980 1071 1008 1148 1046 1074 1042 1096 987 1185 792 901 1203 1150 1211 1255 989 1112 960 1231 821 1007 953 1188 1128 939 1110 975 1170 1239 1070 1090 1191 1185
1102 1268 1312 1159 1311 1203 1374 1435 1274 1271 1247 1204 1402 1177 1294 1191 1214 1212 1284 1355 1381 997 1292 1469 1342 1512 1139 1378 1187 1187 1229 1285 1198 1378 1151 1390 1273 1324 954 1302 902 1054 1456 1505 1349 1524 1171 1182 1211 1473 1017 1171 1212 1325 1312 1287 1416 1169 1309 1562 1234 1421 1407 1320
1116 1359 1204 1211 1336 1100 1323 1532 1175 1279 1392 1293 1324 1266 1293 1205 1348 1303 1342 1201 1236 947 1150 1532 1334 1533 1315 1381 1246 1170 1318 1206 1204 1422 1157 1337 1217 1314 1086 1519 880 1093 1533 1406 1320 1633 1212 1248 1103 1318 1224 1131 1235 1577 1328 1230 1357 1212 1304 1577 1234 1361 1363 1428
1216 1523 1584 1348 1500 1469 1407 1749 1595 1457 1477 1520 1538 1440 1601 1470 1482 1413 1444 1546 1413 1151 1596 1654 1609 1608 1326 1585 1493 1479 1433 1494 1504 1636 1528 1694 1598 1558 1229 1542 953 1206 1662 1727 1522 1727 1377 1554 1334 1744 1267 1347 1346 1710 1560 1387 1563 1351 1623 1669 1532 1710 1763 1684
1129 1447 1355 1363 1364 1205 1397 1502 1353 1438 1291 1251 1379 1257 1374 1322 1459 1290 1350 1342 1335 1139 1438 1569 1433 1509 1395 1354 1346 1311 1344 1262 1394 1470 1372 1318 1340 1440 1039 1493 896 1198 1595 1429 1417 1682 1213 1365 1265 1409 1136 1165 1224 1461 1436 1279 1371 1317 1477 1558 1364 1396 1429 1478
1382 1695 1599 1560 1613 1352 1574 1698 1393 1496 1625 1401 1671 1413 1443 1387 1493 1305 1627 1527 1469 1242 1422 1630 1600 1729 1515 1578 1407 1384 1449 1432 1478 1798 1515 1735 1342 1538 1315 1697 1087 1248 1604 1703 1493 1939 1431 1506 1558 1710 1148 1343 1412 1807 1617 1436 1581 1416 1596 1744 1497 1548 1655 1774
1165 1214 1260 1313 1233 1204 1326 1454 1295 1230 1297 1367 1421 1315 1254 1237 1297 1125 1378 1404 1230 1096 1190 1407 1361 1619 1338 1328 1084 1213 1182 1152 1246 1504 1270 1435 1262 1295 1182 1468 1040 1200 1422 1547 1364 1580 1339 1236 1329 1478 1117 1283 1137 1428 1374 1171 1278 1116 1433 1456 1259 1287 1520 1531
1212 1558 1564 1479 1450 1414 1502 1797 1532 1577 1534 1537 1598 1336 1481 1458 1600 1428 1511 1394 1471 1208 1624 1797 1609 1705 1369 1654 1463 1396 1454 1544 1418 1601 1443 1687 1509 1567 1250 1647 1065 1208 1621 1717 1619 1833 1371 1508 1518 1613 1273 1417 1325 1760 1645 1426 1701 1460 1564 1714 1426 1630 1682 1717
973 1296 1103 1155 1264 1106 1371 1450 1147 1225 1207 1224 1391 1334 1259 1150 1292 1240 1247 1197 1122 992 1173 1375 1234 1416 1361 1332 1181 1053 1162 1130 1174 1376 1175 1381 1074 1169 1007 1387 825 1126 1398 1362 1248 1530 1176 1281 1225 1246 975 1129 1150 1530 1356 1163 1226 1159 1280 1403 1243 1332 1266 1415
1198 1381 1305 1158 1296 1120 1243 1347 1247 1405 1264 1259 1403 1226 1154 1155 1374 1207 1331 1341 1444 1147 1329 1512 1363 1566 1196 1370 1173 1204 1292 1341 1376 1303 1184 1291 1243 1341 1019 1325 988 1123 1484 1372 1402 1604 1253 1256 1192 1393 1038 1280 1174 1361 1350 1291 1403 1223 1412 1503 1352 1419 1341 1450
1105 1319 1419 1283 1365 1440 1261 1530 1496 1443 1258 1383 1392 1342 1376 1347 1376 1367 1333 1489 1352 1109 1461 1637 1470 1627 1320 1442 1382 1285 1308 1370 1241 1581 1418 1484 1333 1485 1132 1523 1103 1141 1413 1553 1479 1666 1270 1301 1343 1549 1298 1305 1265 1405 1508 1330 1437 1249 1420 1588 1315 1515 1644 1513
1072 1301 1235 1037 1244 1080 1317 1462 1271 1188 1244 1215 1343 1147 1138 1124 1229 1093 1259 1136 1172 932 1309 1360 1271 1371 1096 1160 1166 1079 1181 1162 1204 1363 1160 1339 1222 1130 1093 1242 826 869 1285 1323 1171 1316 1180 1095 1161 1388 1021 1065 1099 1483 1297 1054 1342 1121 1202 1423 1179 1332 1369 1418
1109 1398 1352 1130 1295 1091 1262 1502 1189 1297 1324 1179 1443 1188 1307 1145 1260 1130 1357 1256 1303 1020 1330 1478 1305 1427 1143 1281 1184 1321 1365 1365 1177 1397 1244 1531 1119 1327 1035 1388 895 1043 1474 1583 1289 1472 1252 1258 1297 1447 1008 1233 1235 1357 1407 1294 1240 1265 1319 1321 1186 1515 1436 1473
1225 1364 1309 1259 1220 1199 1220 1520 1322 1215 1323 1232 1356 1210 1336 1196 1270 1172 1242 1294 1282 1064 1331 1351 1336 1495 1208 1357 1215 1320 1383 1252 1290 1385 1264 1369 1414 1271 1181 1432 910 1002 1436 1506 1325 1563 1261 1328 1235 1538 1124 1227 1120 1491 1266 1232 1432 1248 1376 1474 1350 1441 1417 1564
1192 1417 1404 1171 1248 1337 1402 1415 1396 1443 1324 1381 1437 1360 1294 1352 1428 1371 1400 1276 1458 1164 1445 1439 1319 1649 1367 1482 1348 1241 1270 1308 1398 1491 1367 1574 1229 1448 1164 1465 956 1202 1473 1488 1444 1760 1179 1241 1244 1629 1143 1268 1210 1513 1520 1207 1405 1269 1493 1551 1337 1521 1531 1508
1295 1511 1469 1249 1387 1174 1546 1618 1418 1520 1357 1376 1462 1318 1480 1390 1422 1182 1524 1436 1454 1127 1462 1566 1455 1439 1225 1574 1421 1240 1368 1280 1487 1552 1370 1457 1356 1501 1138 1410 956 1133 1536 1591 1409 1684 1295 1431 1413 1673 1043 1244 1256 1531 1418 1203 1525 1250 1557 1518 1396 1600 1458 1616
1091 1342 1295 1311 1215 1303 1230 1568 1242 1436 1329 1318 1313 1287 1381 1344 1448 1189 1333 1268 1261 1094 1209 1533 1423 1549 1317 1402 1232 1272 1348 1331 1216 1435 1314 1496 1306 1378 1085 1530 935 1177 1490 1506 1395 1565 1281 1454 1291 1528 1105 1276 1310 1425 1447 1359 1358 1298 1454 1472 1254 1522 1469 1557
1125 1417 1347 1342 1242 1286 1380 1448 1347 1466 1414 1372 1511 1272 1283 1319 1391 1237 1456 1323 1430 1161 1352 1564 1458 1644 1372 1340 1199 1365 1418 1272 1332 1520 1352 1529 1275 1401 1090 1549 1044 1111 1606 1493 1423 1598 1283 1389 1288 1545 1097 1261 1362 1479 1485 1318 1392 1386 1487 1595 1332 1500 1437 1539
943 1172 1222 1118 1237 1237 1223 1372 1148 1233 1285 1125 1160 1216 1257 1127 1294 1157 1155 1314 1168 872 1290 1316 1254 1353 1175 1230 1245 1068 1119 1236 1165 1292 1165 1357 1204 1214 968 1266 881 930 1362 1266 1288 1494 1162 1235 1047 1425 956 1006 1084 1347 1345 1118 1253 1044 1229 1398 1011 1361 1363 1310
1197 1302 1270 1278 1438 1219 1485 1386 1303 1302 1288 1206 1354 1261 1345 1189 1328 1067 1342 1298 1243 1084 1204 1463 1358 1490 1322 1338 1246 1084 1202 1262 1365 1419 1205 1326 1173 1387 1060 1345 776 1205 1419 1486 1396 1570 1221 1236 1120 1525 1091 1179 1282 1334 1361 1209 1271 1172 1300 1518 1176 1394 1360 1308
1172 1441 1389 1278 1304 1263 1436 1481 1377 1432 1424 1252 1388 1288 1351 1292 1299 1219 1343 1397 1435 1070 1463 1498 1362 1518 1375 1406 1246 1142 1415 1342 1333 1378 1266 1475 1288 1359 1088 1598 978 1112 1631 1617 1277 1772 1259 1335 1331 1537 1160 1250 1252 1534 1630 1203 1440 1347 1388 1615 1254 1580 1335 1500
1280 1445 1418 1177 1334 1404 1358 1676 1345 1386 1565 1337 1427 1417 1435 1274 1481 1393 1417 1397 1398 1280 1378 1542 1483 1635 1329 1603 1332 1364 1380 1454 1386 1493 1349 1527 1450 1474 1134 1519 1023 1117 1452 1484 1472 1720 1414 1509 1492 1638 1070 1405 1230 1688 1505 1282 1457 1196 1672 1595 1435 1613 1510 1696
1178 1528 1395 1238 1311 1234 1527 1549 1282 1474 1370 1311 1556 1423 1341 1262 1393 1242 1515 1302 1448 1120 1354 1539 1230 1534 1337 1348 1316 1310 1346 1233 1294 1593 1364 1616 1413 1369 1066 1429 1020 1108 1477 1597 1383 1520 1348 1288 1336 1518 1059 1146 1272 1480 1454 1220 1311 1275 1480 1467 1304 1487 1429 1536
1209 1392 1427 1271 1297 1259 1450 1385 1360 1335 1266 1171 1359 1216 1283 1247 1263 1125 1273 1361 1243 979 1317 1344 1324 1540 1315 1241 1215 1262 1268 1217 1281 1485 1242 1442 1322 1397 1034 1408 881 1081 1549 1516 1207 1642 1334 1240 1248 1427 1086 1098 1206 1447 1385 1204 1333 1226 1323 1514 1228 1407 1347 1465
1201 1449 1486 1427 1460 1315 1365 1671 1509 1515 1494 1554 1460 1376 1332 1327 1498 1302 1522 1473 1456 1172 1445 1663 1554 1668 1463 1632 1367 1464 1487 1372 1498 1537 1543 1526 1369 1455 1305 1639 1117 1188 1511 1546 1477 1808 1393 1526 1408 1583 1254 1317 1296 1644 1543 1372 1658 1336 1511 1740 1528 1567 1577 1767
1198 1471 1295 1214 1452 1331 1311 1533 1310 1382 1508 1387 1459 1366 1386 1294 1452 1293 1325 1364 1349 1020 1281 1510 1409 1646 1398 1451 1386 1199 1344 1407 1355 1507 1330 1383 1355 1398 1166 1373 1067 1171 1405 1371 1477 1561 1365 1261 1344 1490 1177 1345 1285 1606 1415 1227 1545 1110 1384 1527 1384 1459 1515 1508
1154 1361 1356 1214 1328 1093 1353 1440 1382 1414 1106 1252 1433 1318 1343 1213 1364 1136 1363 1323 1333 1094 1320 1476 1388 1448 1287 1344 1323 1202 1274 1244 1290 1552 1212 1323 1229 1452 1044 1438 979 1235 1397 1496 1300 1575 1256 1304 1455 1438 1106 1232 1148 1427 1375 1232 1329 1122 1450 1405 1269 1465 1391 1547
1055 1212 1239 1064 1158 1276 1196 1294 1256 1243 1089 1143 1235 1164 1225 1117 1243 1063 1268 1279 1200 826 1131 1286 1304 1365 1215 1237 1075 1100 1207 1218 1240 1210 1172 1250 1076 1179 890 1326 859 998 1280 1341 1093 1495 1154 1169 1255 1399 987 1027 1159 1239 1210 1100 1198 1077 1294 1372 1141 1345 1168 1441
1303 1473 1190 1292 1291 1195 1337 1484 1272 1519 1294 1307 1380 1344 1356 1237 1349 1190 1289 1362 1293 1074 1223 1576 1287 1449 1421 1452 1333 1171 1249 1257 1261 1551 1241 1579 1270 1406 1110 1472 938 1113 1413 1514 1430 1647 1282 1231 1346 1382 1080 1134 1240 1442 1360 1240 1334 1276 1496 1560 1262 1493 1363 1574
1145 1403 1354 1317 1445 1234 1445 1396 1150 1373 1428 1283 1450 1287 1293 1240 1419 1235 1368 1273 1411 1162 1101 1457 1347 1628 1396 1301 1352 1183 1317 1281 1373 1524 1189 1559 1349 1383 1054 1456 933 1163 1544 1517 1324 1711 1353 1309 1323 1422 987 1208 1249 1437 1408 1329 1446 1217 1472 1467 1324 1388 1407 1419
1292 1534 1420 1292 1421 1337 1598 1691 1611 1611 1433 1577 1652 1600 1453 1253 1465 1337 1487 1426 1469 1294 1539 1688 1446 1657 1441 1625 1385 1295 1514 1472 1491 1669 1443 1677 1417 1596 1275 1562 1010 1232 1610 1643 1601 1704 1505 1447 1472 1593 1162 1358 1448 1673 1635 1238 1545 1392 1637 1578 1495 1699 1601 1646
1283 1385 1407 1340 1384 1233 1377 1500 1367 1436 1356 1264 1389 1213 1370 1267 1350 1211 1427 1409 1422 1252 1465 1656 1449 1602 1401 1500 1298 1156 1454 1372 1372 1474 1308 1467 1370 1563 1165 1445 1025 1178 1554 1583 1493 1649 1206 1335 1360 1467 1176 1436 1288 1502 1482 1324 1492 1204 1574 1586 1343 1629 1545 1561
1083 1384 1263 1249 1261 1242 1275 1381 1320 1248 1379 1218 1258 1268 1216 1175 1323 1084 1156 1244 1239 1058 1316 1412 1349 1576 1309 1313 1231 1104 1224 1335 1219 1290 1261 1275 1269 1289 947 1361 951 948 1459 1379 1336 1622 1252 1185 1221 1489 1072 1308 1078 1407 1425 1130 1396 1229 1246 1385 1182 1370 1326 1461
1181 1494 1473 1192 1366 1382 1269 1602 1339 1441 1419 1382 1330 1361 1468 1325 1475 1369 1415 1420 1341 1067 1507 1530 1402 1499 1302 1457 1358 1296 1352 1421 1347 1384 1385 1456 1210 1552 1225 1563 951 1183 1427 1518 1383 1733 1409 1379 1316 1527 1193 1420 1346 1460 1543 1329 1436 1319 1505 1483 1341 1666 1700 1602
1333 1653 1551 1537 1648 1443 1608 1643 1491 1564 1465 1373 1634 1336 1527 1326 1472 1344 1454 1580 1529 1210 1423 1691 1588 1801 1426 1466 1348 1406 1464 1535 1386 1729 1381 1550 1536 1592 1272 1635 1182 1237 1741 1702 1549 1765 1478 1515 1558 1666 1236 1389 1393 1710 1712 1502 1640 1531 1603 1711 1492 1584 1613 1669
1338 1587 1437 1382 1446 1329 1526 1524 1502 1561 1406 1383 1366 1577 1516 1466 1455 1177 1473 1412 1432 1174 1390 1651 1471 1609 1485 1472 1467 1420 1487 1247 1483 1674 1437 1499 1505 1563 1124 1556 1054 1134 1564 1696 1433 1677 1346 1376 1392 1576 1265 1288 1297 1489 1474 1168 1383 1232 1494 1611 1357 1661 1450 1692
1045 1222 1246 1078 1155 1155 1149 1256 1158 1202 1289 1019 1117 1019 1068 1031 1128 1031 1208 1266 1231 1052 1267 1271 1188 1282 1103 1289 1112 1084 1025 1204 1217 1161 1232 1338 1120 1245 966 1171 850 862 1296 1284 1214 1369 1153 1137 1144 1385 927 1177 1120 1239 1278 1056 1247 1092 1200 1319 1177 1325 1296 1312
1278 1416 1417 1365 1349 1278 1427 1658 1326 1439 1420 1462 1453 1353 1398 1379 1464 1247 1477 1434 1410 1194 1289 1628 1543 1700 1356 1549 1348 1408 1569 1313 1453 1493 1331 1548 1333 1498 1096 1534 1017 1194 1533 1642 1435 1700 1390 1488 1451 1526 1231 1342 1355 1633 1483 1282 1460 1295 1561 1668 1347 1606 1440 1730
1308 1374 1490 1452 1532 1280 1448 1529 1450 1517 1413 1511 1530 1337 1433 1303 1413 1329 1498 1449 1348 1134 1425 1716 1466 1733 1397 1533 1391 1249 1503 1375 1481 1615 1337 1614 1435 1497 1176 1434 1072 1217 1696 1730 1495 1801 1336 1278 1418 1516 1349 1323 1199 1563 1415 1314 1540 1289 1552 1727 1389 1530 1543 1633
1327 1654 1590 1357 1455 1253 1429 1782 1425 1583 1520 1462 1559 1497 1475 1399 1564 1348 1604 1484 1540 1338 1400 1616 1510 1669 1469 1706 1460 1411 1459 1442 1534 1521 1525 1587 1432 1505 1295 1547 1139 1263 1522 1594 1526 1786 1545 1546 1574 1680 1202 1446 1351 1734 1515 1309 1559 1300 1634 1625 1600 1657 1624 1794
1052 1485 1407 1292 1388 1260 1419 1554 1358 1513 1402 1354 1533 1437 1402 1340 1386 1358 1432 1387 1462 1108 1510 1562 1449 1595 1323 1528 1265 1336 1410 1280 1358 1477 1528 1486 1346 1356 1118 1545 1089 1092 1535 1518 1456 1629 1285 1289 1189 1576 1172 1244 1213 1592 1445 1245 1461 1367 1387 1625 1430 1511 1511 1560
1140 1348 1234 1064 1209 1041 1173 1249 1026 1303 1259 1137 1233 974 1129 1141 1205 1047 1336 1201 1196 957 1200 1294 1156 1362 1135 1154 1163 1018 1073 1074 1174 1188 1219 1339 1069 1141 1131 1334 862 950 1224 1203 1123 1389 1132 1102 1055 1375 940 1115 1124 1340 1233 1063 1308 1110 1206 1360 1156 1296 1300 1311
1028 1312 1243 1081 1193 1066 1198 1457 1130 1187 1190 1222 1172 1256 1165 1148 1197 1087 1249 1172 1013 905 1212 1352 1230 1350 1209 1276 1072 980 1149 968 1131 1326 1124 1213 1048 1281 958 1366 780 914 1310 1333 1151 1436 1207 1203 1165 1264 977 1114 1092 1376 1254 1061 1109 1165 1265 1267 1140 1279 1312 1425
1169 1362 1418 1209 1228 1082 1252 1320 1230 1335 1295 1263 1275 1218 1151 1281 1229 1083 1439 1283 1256 1056 1156 1342 1326 1496 1126 1371 1180 1198 1280 1224 1246 1424 1225 1360 1198 1309 1116 1287 1042 1006 1321 1391 1355 1542 1198 1190 1255 1421 1052 1178 1009 1448 1404 929 1218 1082 1325 1487 1230 1391 1352 1451
1300 1392 1402 1340 1455 1156 1404 1468 1378 1455 1317 1406 1503 1405 1324 1165 1413 1201 1405 1408 1248 1105 1361 1567 1439 1776 1318 1275 1234 1341 1304 1284 1307 1679 1308 1531 1388 1385 1162 1503 1117 1106 1599 1681 1388 1565 1398 1285 1333 1486 1175 1239 1130 1505 1408 1202 1324 1246 1466 1550 1332 1459 1508 1693
1186 1413 1381 1307 1493 1355 1449 1606 1238 1457 1359 1338 1437 1419 1504 1324 1444 1409 1472 1429 1378 1174 1423 1545 1499 1635 1385 1461 1264 1420 1486 1301 1406 1545 1404 1573 1346 1536 1175 1530 1114 1193 1544 1564 1439 1689 1366 1442 1243 1628 1190 1283 1294 1575 1415 1420 1380 1272 1579 1504 1389 1497 1589 1673
1273 1625 1419 1382 1491 1419 1443 1608 1315 1662 1545 1522 1616 1466 1529 1426 1540 1453 1498 1570 1481 1232 1474 1650 1538 1722 1503 1668 1346 1410 1459 1450 1497 1608 1437 1696 1362 1520 1248 1649 1179 1264 1628 1674 1515 1851 1532 1530 1489 1590 1158 1524 1363 1653 1570 1489 1594 1437 1578 1681 1454 1715 1574 1730
1118 1452 1386 1341 1423 1169 1419 1444 1358 1324 1392 1327 1345 1271 1179 1148 1362 1158 1408 1292 1395 1077 1404 1511 1429 1566 1322 1313 1307 1132 1321 1289 1311 1449 1261 1512 1269 1350 1116 1524 938 1007 1433 1496 1289 1628 1258 1191 1180 1484 1144 1157 1222 1462 1544 1256 1440 1371 1294 1608 1194 1490 1469 1468
1025 1342 1349 1190 1214 1177 1296 1389 1263 1314 1233 1197 1304 1255 1267 1185 1290 1191 1156 1300 1250 1047 1371 1372 1278 1452 1156 1267 1266 1210 1351 1270 1158 1309 1343 1461 1300 1315 994 1393 884 913 1368 1438 1256 1499 1219 1207 1081 1385 1110 1111 1128 1416 1444 1152 1395 1252 1255 1453 1144 1523 1387 1431
1082 1248 1243 1148 1093 1165 1131 1290 1255 1347 1229 1128 1375 1064 1088 1097 1197 1049 1230 1194 1244 1072 1225 1454 1167 1396 1078 1258 1068 1217 1243 1291 1170 1244 1311 1245 1219 1169 975 1275 976 913 1339 1313 1288 1433 1195 1204 1253 1362 997 1212 1055 1261 1324 1183 1340 1211 1313 1357 1269 1299 1262 1304
1285 1398 1311 1197 1368 1195 1303 1391 1300 1428 1284 1244 1355 1381 1449 1173 1315 1194 1308 1326 1369 1137 1219 1503 1386 1583 1324 1411 1190 1227 1414 1252 1280 1492 1329 1388 1203 1372 1013 1501 1033 1116 1448 1641 1305 1543 1248 1188 1361 1462 1194 1279 1225 1395 1336 1201 1275 1122 1352 1480 1252 1475 1360 1545
