1410 1177 1204 1530 1424 1151 1164 1263 1429 1404 1540 1542 1169 1236 1464 1251 1346 1171 1448 1344 1227 1578 1573 1487 1245 1267 1600 1473 1425 1326 1249 1288 1422 1170 1515 1385 1255 1416 1321 1326 1420 1481 1576 1589 1376 1432 1272 1357 1270 1381 1376 1265 1508 1130 1348 1636 1327 1327 1608 1294 1257 1199 1439 1323
1310 1168 960 1282 1372 1041 874 1126 1294 1049 1221 1344 1133 951 1389 1098 1342 1094 1233 1073 1088 1419 1267 1164 1101 1190 1361 1269 1164 1087 985 1130 1240 1165 1353 1146 1207 1079 1209 1219 1109 1248 1280 1306 1240 1232 1125 1190 1085 1183 1275 1163 1165 894 1239 1183 1286 1189 1434 1134 1081 1184 1350 1081
1383 1423 1239 1386 1554 1133 1012 1259 1452 1268 1348 1492 1253 1100 1598 1325 1339 1166 1485 1324 1219 1430 1341 1314 1315 1261 1438 1249 1408 1526 1328 1419 1433 1063 1451 1119 1382 1341 1300 1281 1331 1396 1480 1522 1274 1292 1340 1375 1136 1372 1420 1234 1278 1159 1446 1787 1243 1236 1595 1195 1306 1413 1431 1267
1634 1350 1295 1529 1603 1332 1123 1468 1517 1491 1545 1566 1441 1273 1459 1475 1583 1369 1489 1388 1436 1630 1573 1480 1454 1317 1684 1573 1576 1432 1412 1498 1437 1374 1607 1476 1484 1484 1587 1497 1542 1567 1659 1677 1365 1450 1609 1579 1381 1514 1519 1474 1615 1260 1536 1663 1532 1369 1737 1388 1507 1353 1652 1449
1469 1048 1145 1444 1352 1218 1015 1261 1357 1246 1486 1502 1185 1182 1399 1169 1300 1044 1457 1332 1240 1310 1287 1259 1219 1258 1533 1393 1487 1360 1222 1261 1379 1083 1447 1179 1267 1400 1243 1178 1355 1467 1459 1492 1287 1206 1256 1336 1204 1269 1468 1289 1314 1244 1235 1528 1211 1343 1561 1118 1142 1185 1433 1285
1294 1065 1021 1277 1183 963 1013 1137 1277 1184 1373 1419 1190 1059 1450 1188 1225 1179 1335 1144 1119 1437 1353 1141 1078 1112 1432 1252 1397 1273 1316 1207 1232 1023 1310 1250 1153 1261 1174 1238 1260 1303 1260 1396 1322 1333 1176 1185 1078 1257 1347 1194 1156 1125 1336 1526 1185 1211 1433 1242 1090 1179 1260 1214
1339 1271 1138 1360 1374 1134 1143 1156 1309 1303 1347 1393 1183 1145 1431 1061 1341 1156 1365 1390 1066 1327 1446 1336 1209 1094 1439 1263 1316 1253 1157 1178 1200 1144 1406 1187 1321 1285 1358 1182 1306 1428 1317 1421 1237 1184 1168 1247 1113 1324 1278 1260 1288 1044 1331 1523 1151 1249 1402 1107 1280 1291 1304 1227
1176 1163 1155 1330 1166 1034 1082 1185 1232 1140 1339 1302 1123 1180 1397 978 1174 1079 1303 1248 1099 1351 1481 1199 1201 1186 1450 1207 1332 1280 1271 1163 1182 1050 1229 1102 1275 1214 1338 1189 1346 1286 1503 1253 1294 1164 1198 1268 1012 1374 1256 1221 1344 1079 1208 1574 1220 1194 1327 1074 1172 1205 1291 1189
1456 1104 1118 1395 1337 1017 1040 1253 1334 1211 1458 1487 1322 1038 1388 1096 1369 1106 1370 1129 1138 1450 1436 1299 1101 1221 1613 1380 1432 1376 1199 1311 1287 1217 1391 1339 1208 1371 1355 1332 1397 1319 1393 1462 1317 1385 1213 1355 1136 1317 1332 1302 1204 1188 1362 1498 1225 1287 1590 1348 1257 1130 1456 1371
1560 1350 1311 1505 1551 1331 1226 1470 1480 1314 1402 1578 1485 1334 1543 1341 1526 1302 1548 1456 1281 1656 1485 1545 1480 1409 1772 1547 1673 1358 1533 1526 1530 1333 1511 1413 1489 1446 1454 1309 1553 1538 1627 1687 1505 1575 1458 1612 1289 1452 1508 1446 1485 1294 1565 1719 1435 1486 1666 1346 1383 1522 1627 1447
1251 1182 1081 1320 1220 912 869 1174 1178 1018 1180 1421 1153 1044 1369 961 1184 1143 1246 1152 1046 1428 1357 1329 1083 1076 1441 1178 1337 1134 1040 1093 1191 1156 1238 1163 1080 1204 1261 1235 1354 1250 1363 1297 1281 1308 1275 1188 1105 1155 1185 1122 1234 939 1291 1348 1195 1250 1339 1093 1128 1250 1198 1132
1118 1242 1040 1254 1314 988 1010 1230 1155 1217 1229 1266 1185 997 1337 1121 1169 945 1279 1145 1038 1325 1316 1147 1187 1286 1474 1227 1291 1186 1324 1184 1153 1004 1227 925 1194 1144 1209 1128 1373 1212 1320 1233 1205 1191 1238 1357 1134 1355 1348 1271 1146 1093 1278 1475 1132 1138 1402 1018 1163 1183 1289 1181
1212 1268 1076 1301 1347 1133 1068 1236 1394 1258 1354 1295 1123 1105 1328 1219 1381 1101 1361 1129 1203 1323 1335 1047 1309 1125 1395 1201 1425 1303 1303 1226 1374 1008 1358 1033 1390 1326 1297 1127 1282 1311 1353 1382 1196 1150 1208 1346 1057 1289 1289 1165 1289 1010 1288 1508 1159 1178 1423 1021 1172 1188 1315 1176
1567 1365 1329 1466 1634 1240 1243 1460 1514 1295 1464 1599 1447 1338 1741 1376 1556 1419 1663 1478 1321 1497 1535 1440 1485 1450 1661 1437 1633 1396 1505 1581 1498 1442 1494 1327 1571 1556 1629 1366 1563 1560 1645 1727 1506 1430 1484 1564 1303 1518 1488 1504 1485 1337 1695 1744 1371 1442 1741 1383 1407 1506 1626 1386
1439 1253 1287 1491 1460 1182 1130 1362 1419 1421 1494 1507 1406 1089 1492 1203 1428 1120 1567 1318 1357 1590 1556 1350 1361 1291 1523 1445 1443 1374 1233 1225 1399 1210 1482 1304 1378 1462 1382 1363 1398 1490 1571 1506 1445 1389 1379 1461 1241 1436 1508 1367 1437 1250 1477 1535 1441 1397 1500 1300 1366 1252 1621 1265
1538 1241 1232 1415 1423 1153 1213 1220 1337 1275 1432 1396 1170 1218 1431 1169 1391 1224 1366 1231 1189 1345 1492 1400 1254 1210 1432 1319 1456 1321 1367 1267 1390 1189 1457 1339 1375 1457 1314 1228 1323 1396 1449 1503 1333 1244 1361 1432 1177 1310 1360 1346 1279 1259 1435 1646 1198 1281 1569 1289 1324 1306 1500 1287
1313 1106 1180 1393 1313 931 879 1192 1176 1160 1234 1232 1178 933 1362 1127 1217 1062 1212 1074 1188 1324 1351 1143 1031 1090 1254 1204 1385 1148 1084 1217 1197 1222 1278 1123 1189 1260 1273 1339 1231 1276 1285 1375 1202 1177 1248 1285 1076 1155 1220 1207 1246 1120 1312 1357 1240 1198 1427 1067 1128 1081 1330 1151
1255 1055 983 1329 1376 1061 895 1221 1119 1210 1261 1252 1093 1051 1243 1152 1242 949 1318 1241 1145 1267 1370 1168 1157 1210 1367 1265 1308 1159 1026 1168 1204 1145 1345 1119 1263 1282 1310 1067 1224 1224 1281 1365 1235 1179 1270 1399 1039 1209 1295 1223 1232 1007 1195 1308 1153 1100 1399 997 1144 1164 1289 1172
1421 1339 1324 1489 1545 1140 1178 1440 1488 1425 1411 1559 1406 1227 1522 1409 1515 1258 1659 1438 1319 1627 1522 1507 1392 1334 1525 1577 1610 1418 1369 1326 1490 1389 1525 1437 1423 1466 1486 1305 1502 1557 1600 1576 1490 1515 1520 1458 1322 1550 1434 1386 1498 1272 1499 1559 1558 1366 1695 1320 1446 1356 1652 1382
1229 1078 1076 1266 1304 1072 965 1178 1209 1218 1268 1312 1197 1066 1280 1215 1212 1080 1409 1259 1032 1267 1269 1295 1144 1178 1401 1323 1409 1304 1256 1223 1246 1028 1348 1163 1129 1251 1201 1131 1215 1249 1422 1435 1238 1307 1294 1281 1147 1279 1251 1296 1250 1102 1301 1558 1199 1185 1386 1059 1321 1124 1244 1174
1401 1131 1198 1244 1158 1059 1032 1058 1363 1186 1309 1276 1095 1078 1267 1093 1224 1070 1220 1137 1053 1350 1370 1250 1060 1013 1375 1239 1246 1195 1261 1075 1055 1029 1292 1114 1166 1262 1248 1193 1311 1395 1314 1391 1186 1134 1308 1228 1228 1160 1297 1147 1328 1100 1155 1552 1193 1169 1462 1113 1236 1148 1241 1147
1475 1258 1199 1622 1445 1228 1248 1438 1470 1477 1563 1596 1504 1281 1600 1368 1542 1277 1728 1534 1266 1624 1600 1462 1520 1501 1780 1618 1581 1384 1453 1373 1503 1300 1598 1342 1498 1594 1524 1315 1661 1632 1578 1820 1462 1529 1449 1594 1421 1652 1557 1498 1492 1337 1509 1792 1426 1525 1627 1321 1517 1382 1626 1356
1234 1111 1102 1401 1394 1014 1018 1174 1117 1296 1358 1249 1156 1213 1419 1160 1162 1055 1232 1245 1141 1291 1342 1206 1179 1127 1352 1184 1380 1284 1286 1274 1232 1003 1332 1114 1144 1259 1125 1097 1337 1348 1378 1298 1241 1237 1219 1194 946 1256 1274 1132 1237 1153 1206 1479 1145 1151 1451 916 1111 1167 1237 1371
1491 1240 1199 1541 1442 1093 1095 1323 1426 1378 1560 1540 1306 1158 1573 1273 1358 1262 1585 1357 1147 1502 1471 1392 1247 1324 1625 1275 1419 1355 1308 1202 1347 1193 1569 1088 1298 1405 1421 1307 1534 1619 1563 1534 1387 1409 1445 1361 1314 1421 1586 1381 1372 1197 1355 1671 1375 1428 1726 1077 1374 1271 1403 1349
1383 1249 1207 1324 1353 1116 1137 1374 1330 1276 1375 1431 1229 1153 1542 1154 1235 1142 1505 1348 1221 1362 1299 1340 1159 1217 1527 1388 1451 1363 1277 1237 1345 1102 1378 1101 1283 1425 1345 1182 1496 1439 1485 1341 1259 1317 1390 1280 1140 1332 1423 1229 1352 1247 1325 1598 1169 1213 1503 1025 1324 1277 1349 1279
1485 1260 1351 1417 1540 1257 1258 1371 1485 1512 1516 1487 1306 1178 1523 1347 1496 1168 1461 1327 1352 1581 1594 1425 1387 1291 1582 1438 1457 1345 1460 1382 1330 1249 1453 1281 1508 1504 1428 1314 1565 1570 1574 1592 1450 1333 1483 1538 1264 1471 1526 1389 1464 1344 1546 1623 1450 1371 1628 1299 1362 1289 1540 1399
1428 1222 1258 1431 1478 1190 1173 1275 1371 1371 1556 1453 1335 1228 1526 1187 1427 1300 1509 1341 1227 1460 1564 1432 1234 1419 1588 1461 1396 1314 1226 1243 1400 1323 1441 1343 1511 1400 1470 1346 1321 1476 1566 1520 1486 1257 1396 1417 1237 1368 1422 1421 1366 1280 1324 1543 1448 1468 1451 1315 1306 1174 1542 1221
1634 1478 1346 1459 1685 1299 1079 1458 1486 1383 1486 1525 1464 1253 1637 1352 1639 1292 1602 1340 1367 1575 1539 1488 1372 1473 1687 1531 1509 1447 1397 1398 1467 1361 1573 1311 1463 1509 1421 1221 1557 1531 1639 1585 1515 1458 1587 1558 1338 1434 1533 1495 1432 1411 1441 1707 1494 1383 1766 1179 1477 1526 1708 1490
1479 1253 1170 1416 1439 1160 1130 1381 1408 1269 1657 1563 1386 1252 1572 1075 1321 1255 1477 1345 1329 1542 1540 1293 1301 1339 1640 1356 1505 1354 1273 1218 1398 1152 1498 1325 1287 1367 1318 1332 1583 1404 1646 1497 1356 1347 1460 1349 1351 1472 1631 1305 1423 1133 1362 1582 1412 1427 1517 1178 1214 1217 1419 1311
1311 1092 1038 1185 1155 1010 1017 1282 1262 1234 1302 1177 1282 1088 1224 1055 1264 997 1171 1177 1058 1336 1255 1247 1139 1166 1473 1264 1373 1068 1115 1078 1123 1036 1313 1156 1200 1194 1231 1098 1336 1284 1231 1296 1240 1298 1319 1326 1153 1275 1279 1227 1199 1095 1118 1325 1196 1122 1287 1150 1213 1172 1344 1118
1205 1067 916 1235 1228 877 770 1055 1088 1053 1103 1124 1071 936 1220 933 1208 975 1168 985 1002 1209 1355 1020 975 980 1273 1058 1145 1100 971 1139 1129 1028 1184 1020 1118 1105 1095 1097 1060 1131 1284 1202 1110 1106 1142 1149 965 1044 1115 1192 983 986 1188 1234 1119 1050 1214 947 1033 1118 1202 1066
1488 1151 1237 1343 1360 1060 1178 1380 1376 1241 1470 1490 1243 1216 1413 1268 1309 1253 1565 1327 1240 1454 1242 1356 1264 1224 1516 1407 1462 1268 1452 1172 1257 1194 1294 1232 1396 1507 1343 1103 1497 1450 1513 1462 1299 1159 1462 1412 1243 1427 1477 1236 1379 1262 1366 1578 1408 1261 1627 1266 1223 1219 1562 1276
1184 856 1041 1186 1054 988 958 1009 1070 1035 1189 1041 1063 1016 1023 1014 1039 1021 1096 1135 965 1084 1116 1114 1046 958 1141 1118 1144 993 1065 1119 971 1047 999 1044 1121 1074 1100 1028 1212 1252 1222 1215 940 900 1163 1083 1021 1103 1174 1075 1202 1077 1084 1261 1054 1054 1233 900 1048 898 1128 1082
1241 1195 1163 1524 1360 1087 1080 1190 1263 1199 1308 1364 1271 1047 1470 1150 1349 1034 1390 1195 1018 1410 1388 1335 1223 1343 1435 1272 1420 1273 1266 1110 1368 1139 1478 1034 1232 1329 1256 1311 1357 1500 1392 1414 1286 1387 1178 1341 1196 1368 1292 1270 1291 1109 1269 1541 1290 1372 1598 984 1387 1136 1344 1195
1430 1183 1120 1390 1331 1018 1058 1250 1248 1313 1363 1320 1265 1086 1378 1154 1231 1267 1489 1271 1102 1359 1383 1389 1217 1145 1427 1489 1283 1215 1290 1248 1297 1185 1388 1270 1314 1305 1302 1316 1277 1466 1375 1423 1266 1413 1278 1349 1174 1245 1329 1246 1257 1282 1371 1546 1359 1294 1510 1196 1307 1229 1443 1357
1250 1007 1031 1259 1294 1053 944 1023 1128 1155 1147 1294 1282 1009 1401 1052 1279 883 1239 1212 1014 1247 1316 1096 1150 1025 1373 1252 1271 1109 1180 1096 1180 1026 1180 1079 1172 1225 1036 1157 1294 1238 1276 1376 1205 1108 1117 1188 1101 1289 1207 1275 1151 1165 1279 1358 1187 1158 1324 1034 1057 1150 1376 1125
1451 1341 1284 1377 1524 1102 1159 1428 1367 1319 1452 1454 1370 1208 1445 1296 1335 1343 1483 1427 1237 1543 1370 1441 1374 1364 1476 1394 1514 1260 1387 1377 1353 1283 1493 1327 1408 1386 1432 1253 1465 1428 1463 1551 1241 1282 1456 1394 1287 1470 1555 1331 1431 1106 1369 1570 1333 1435 1516 1285 1341 1200 1612 1298
1368 1165 1060 1501 1315 1167 1072 1264 1209 1226 1365 1372 1280 1117 1552 1211 1317 1141 1424 1331 1108 1336 1437 1283 1204 1323 1604 1340 1343 1276 1239 1179 1196 1097 1386 1115 1372 1344 1329 1149 1346 1466 1427 1497 1354 1352 1319 1411 1199 1427 1329 1368 1220 1201 1410 1641 1281 1292 1469 1147 1398 1252 1256 1085
1593 1294 1293 1500 1536 1136 1160 1337 1489 1328 1569 1604 1367 1345 1592 1229 1483 1246 1561 1460 1266 1576 1505 1322 1421 1329 1611 1374 1565 1488 1393 1260 1452 1227 1610 1343 1556 1458 1497 1341 1521 1611 1643 1615 1382 1236 1472 1426 1404 1561 1583 1420 1450 1246 1462 1678 1505 1482 1637 1262 1308 1353 1540 1407
1567 1279 1268 1512 1534 1273 1182 1425 1410 1312 1490 1569 1417 1209 1574 1280 1463 1100 1438 1405 1287 1475 1476 1419 1321 1319 1610 1496 1634 1456 1399 1347 1434 1178 1536 1260 1424 1508 1388 1367 1479 1446 1522 1563 1421 1401 1413 1534 1226 1501 1586 1429 1327 1261 1487 1685 1330 1411 1626 1256 1388 1257 1541 1333
1586 1360 1221 1490 1414 1267 1120 1435 1460 1288 1538 1610 1353 1269 1553 1271 1427 1307 1538 1509 1259 1523 1516 1462 1403 1327 1763 1423 1555 1497 1418 1326 1459 1202 1436 1360 1464 1556 1495 1439 1548 1457 1616 1546 1500 1403 1449 1507 1384 1602 1467 1429 1472 1313 1529 1871 1360 1428 1601 1419 1412 1410 1519 1339
1299 1112 1064 1398 1384 1109 988 1239 1251 1200 1342 1382 1297 982 1517 1182 1291 1126 1429 1161 1154 1336 1434 1130 1294 1097 1407 1210 1408 1254 1189 1151 1346 1146 1312 1022 1256 1357 1267 1313 1411 1385 1342 1463 1393 1223 1182 1278 1062 1290 1342 1290 1251 1157 1448 1378 1249 1363 1370 964 1190 1142 1336 1250
1220 1043 1113 1250 1201 1006 892 1107 1191 1239 1295 1226 1056 1047 1288 1002 1099 963 1240 1255 1068 1172 1174 1106 1134 1149 1215 1130 1228 1047 1012 1095 1112 1042 1217 997 1088 1224 1168 1001 1303 1266 1229 1283 1036 1052 1205 1272 1036 1084 1250 1103 1251 1167 1161 1348 1004 1091 1354 885 1017 1219 1092 1204
1371 1186 1148 1430 1272 1026 1079 1236 1317 1325 1320 1498 1259 1100 1403 1150 1306 1073 1356 1338 1160 1459 1503 1310 1250 1208 1586 1327 1421 1168 1156 1342 1327 1244 1432 1368 1268 1288 1483 1336 1382 1315 1387 1536 1246 1485 1283 1364 1214 1312 1264 1340 1390 1024 1483 1528 1141 1311 1539 1355 1244 1297 1334 1244
1312 1164 1175 1244 1308 1096 1071 1134 1342 1184 1285 1275 1217 969 1361 1067 1396 1133 1395 1156 1124 1370 1408 1337 1159 1203 1463 1325 1350 1279 1178 1117 1345 1097 1363 1180 1226 1274 1222 1160 1187 1383 1370 1422 1305 1379 1308 1238 1259 1259 1169 1110 1142 1059 1262 1604 1276 1202 1437 1114 1363 1166 1379 1184
1251 1147 1151 1329 1398 1103 972 1230 1275 1163 1276 1313 1220 1069 1357 1028 1256 1086 1266 1136 1149 1435 1456 1223 1078 1086 1529 1297 1377 1404 1141 1163 1187 1210 1387 1179 1274 1167 1214 1308 1252 1281 1503 1366 1292 1253 1181 1319 1003 1312 1190 1465 1274 1034 1240 1302 1269 1292 1363 1024 1258 1133 1275 1197
1034 922 956 1133 1306 1091 951 1114 1077 984 1239 1248 1145 950 1295 1022 1008 1022 1245 1134 1016 1145 1152 1064 1261 1109 1260 1188 1301 1130 1316 1260 1261 1020 1145 1047 1181 1172 1088 977 1142 1159 1220 1304 1115 1074 1154 1238 971 1145 1248 1151 1161 1008 1130 1352 1113 1163 1349 925 1021 961 1278 1209
1243 1019 1097 1175 1326 1015 997 1316 1207 1268 1291 1257 1352 933 1305 1103 1187 1001 1331 1169 1133 1399 1210 1245 1084 1224 1360 1322 1446 1041 1037 1083 1253 1147 1264 1153 1071 1231 1203 1101 1353 1222 1275 1379 1204 1359 1300 1306 1194 1081 1286 1090 1303 1119 1217 1179 1170 1207 1247 1060 1133 1120 1296 1170
1360 1271 1185 1380 1439 1060 1075 1273 1413 1340 1368 1487 1320 1104 1567 1151 1399 1109 1439 1280 1218 1583 1481 1397 1288 1214 1570 1311 1347 1292 1253 1124 1302 1238 1240 1162 1361 1428 1359 1265 1340 1364 1469 1437 1365 1228 1329 1378 1120 1425 1293 1346 1310 1072 1356 1484 1378 1281 1514 1297 1248 1343 1508 1238
1435 1249 1056 1423 1416 1052 1000 1253 1248 1120 1433 1405 1189 1198 1428 1123 1347 1175 1357 1188 1178 1444 1480 1167 1271 1320 1533 1279 1447 1255 1280 1215 1328 1213 1424 1238 1401 1328 1392 1269 1451 1310 1465 1388 1280 1197 1328 1337 1167 1360 1422 1332 1269 1071 1389 1481 1293 1305 1458 1191 1191 1274 1391 1257
1387 1207 1137 1512 1275 1001 1027 1318 1248 1259 1375 1421 1150 1151 1338 1202 1294 1139 1447 1214 1158 1468 1409 1206 1126 1142 1561 1264 1497 1346 1243 1328 1325 1123 1447 1238 1238 1345 1338 1268 1384 1357 1429 1397 1219 1452 1220 1298 1039 1252 1348 1215 1232 1050 1338 1576 1142 1264 1523 1074 1201 1271 1291 1289
1363 1122 1145 1278 1296 1144 1155 1290 1355 1129 1366 1423 1183 1164 1393 1091 1403 1209 1286 1283 1078 1362 1454 1229 1111 1143 1479 1305 1461 1159 1212 1171 1252 1239 1410 1239 1389 1422 1301 1179 1338 1407 1283 1409 1297 1169 1245 1314 1138 1237 1225 1179 1267 1058 1314 1370 1155 1283 1439 1201 1068 1193 1290 1206
1455 1227 1314 1250 1472 1122 1194 1313 1413 1403 1560 1421 1382 1275 1526 1229 1385 1240 1367 1289 1316 1466 1437 1500 1225 1309 1504 1460 1397 1316 1345 1258 1315 1186 1342 1347 1340 1366 1304 1231 1460 1440 1513 1456 1335 1352 1455 1446 1293 1411 1499 1302 1357 1365 1273 1604 1373 1324 1669 1293 1338 1174 1465 1341
1423 1289 1265 1447 1443 1197 1155 1302 1476 1185 1411 1458 1387 1240 1465 1210 1457 1213 1530 1381 1126 1492 1404 1379 1313 1241 1561 1424 1495 1301 1327 1303 1384 1252 1457 1224 1392 1392 1330 1322 1402 1438 1528 1526 1376 1346 1306 1410 1197 1435 1398 1294 1368 1119 1306 1558 1379 1327 1573 1262 1283 1284 1631 1216
1329 1181 1139 1376 1422 1152 997 1285 1172 1163 1368 1300 1215 1113 1505 1117 1262 1210 1402 1210 1044 1192 1363 1306 1157 1260 1552 1237 1379 1263 1139 1194 1289 1164 1445 1113 1320 1302 1342 1121 1296 1427 1356 1361 1330 1248 1234 1407 1134 1203 1221 1174 1202 1132 1255 1462 1317 1295 1501 1104 1354 1195 1326 1222
1197 1038 1056 1172 1229 982 940 1121 1162 1057 1258 1336 1117 1043 1260 985 1097 1010 1338 1169 1044 1275 1171 1142 1093 1088 1357 1150 1256 1182 1058 1064 1198 1041 1226 1117 1132 1156 1197 1175 1255 1249 1321 1151 1107 1187 1189 1174 1076 1178 1310 1056 1107 975 1108 1288 1137 1192 1440 1016 1105 1055 1249 1076
1356 1045 1023 1270 1272 937 877 1171 1084 1306 1234 1199 1134 1022 1190 1147 1135 1013 1245 1181 1102 1304 1228 1133 998 1079 1231 1156 1207 1189 1116 1119 1170 954 1218 1052 1154 1209 1098 1072 1176 1161 1274 1263 1001 1193 1118 1219 1024 1144 1336 1121 1047 1098 1179 1380 1110 1211 1283 1104 1113 1172 1251 1160
986 994 894 1121 1140 871 837 1038 1011 1034 1115 1052 998 1049 1221 933 1056 980 1018 1053 913 1115 1283 1135 986 933 1236 1019 1110 998 1095 1095 991 947 1097 933 1098 1048 1098 999 1110 1190 1175 1176 1150 909 1024 1071 904 1173 1042 1109 1100 944 1009 1282 1154 1068 1169 903 1058 999 1084 1067
1259 1069 1004 1239 1281 1070 939 1131 1205 1099 1208 1189 1075 1109 1337 1066 1252 1161 1255 1166 948 1174 1282 1173 1209 1151 1221 1229 1286 1089 1128 1143 1257 1094 1241 1095 1336 1149 1240 974 1154 1343 1261 1400 1180 1063 1210 1296 1052 1144 1200 1208 1145 1206 1240 1442 1191 1140 1263 940 1131 1328 1270 1196
1390 1105 1156 1256 1256 1056 984 1196 1216 1109 1392 1218 1127 1048 1280 1077 1230 1097 1227 1175 1026 1272 1386 1206 1066 1218 1455 1129 1306 1099 1111 1181 1184 1013 1320 1135 1155 1200 1267 1108 1303 1302 1378 1341 1251 1245 1288 1314 1167 1117 1310 1047 1237 1082 1255 1512 1138 1146 1341 1109 1100 1145 1205 1181
1170 1144 1047 1196 1266 1113 1074 1089 1285 1098 1250 1275 1203 1075 1243 1070 1291 1100 1246 1027 1118 1349 1332 1164 1272 1095 1300 1172 1344 1071 1186 1198 1207 1156 1129 1053 1252 1123 1296 1063 1211 1170 1344 1444 1159 1064 1269 1340 998 1120 1264 1205 1227 1001 1274 1336 1125 1121 1295 1077 1085 1247 1350 1132
1507 1145 1130 1297 1372 1125 941 1289 1368 1215 1372 1388 1257 1220 1338 1271 1293 1275 1428 1364 1188 1423 1289 1275 1225 945 1367 1339 1420 1205 1347 1206 1272 1150 1228 1338 1199 1431 1155 1294 1408 1337 1343 1319 1320 1204 1258 1233 1197 1274 1408 1213 1303 1208 1338 1368 1334 1377 1491 1190 1187 1246 1370 1291
1465 1208 1128 1485 1331 1035 1093 1320 1235 1202 1399 1474 1190 1057 1374 1089 1377 1091 1435 1306 1184 1501 1452 1400 1142 1258 1457 1432 1413 1260 1112 1116 1370 1174 1485 1226 1296 1429 1340 1284 1361 1289 1389 1356 1255 1386 1397 1425 1148 1318 1392 1203 1261 1067 1377 1524 1230 1215 1524 1136 1253 1292 1430 1175
1572 1253 1281 1630 1437 1099 1060 1311 1383 1393 1543 1531 1251 1198 1581 1159 1330 1142 1441 1403 1184 1441 1404 1445 1190 1370 1634 1386 1427 1367 1113 1302 1265 1223 1646 1230 1289 1403 1397 1365 1529 1580 1509 1545 1305 1388 1388 1469 1250 1294 1494 1340 1374 1273 1386 1561 1263 1344 1632 1228 1301 1364 1346 1319
