0 32 0 0 72 0 0 0 0 0 8 0 0 0 0 0 0 16 0 0 0 33 0 0 18 7 0 5 6 36 0 0 16 27 24 18 11 0 20 7 20 0 0 58 0 0 8 16 25 20 0 10 0 0 0 0 32 4 0 16 0 0 0 0
0 16 0 0 65 68 16 28 24 0 48 0 86 0 0 0 24 0 33 64 0 72 0 0 14 30 0 0 8 20 56 0 14 55 12 10 0 24 0 0 32 0 40 0 56 28 0 0 72 63 40 0 0 24 0 0 36 1 25 8 0 0 0 0
0 7 0 63 0 0 20 0 0 8 20 0 0 0 0 0 0 50 56 0 36 160 0 0 48 23 2 36 63 64 0 49 46 3 0 0 27 49 36 7 0 0 0 36 28 0 32 45 1 0 0 0 4 2 0 4 7 12 0 16 0 56 0 53
0 0 12 0 35 79 0 35 0 42 60 0 49 0 15 49 0 0 0 0 39 63 0 0 0 14 0 0 0 0 0 47 12 0 42 0 0 18 27 0 20 72 0 0 49 77 40 35 63 0 52 0 0 12 0 35 18 14 0 35 0 20 0 0
0 0 0 0 24 48 0 0 6 0 36 54 12 0 18 0 0 18 48 0 32 54 0 0 0 0 0 0 30 0 0 0 0 20 21 0 0 0 0 0 42 18 9 0 0 0 0 0 0 81 12 42 0 0 0 0 18 24 0 0 0 0 0 24
65 0 0 0 73 0 64 0 0 0 4 0 0 0 48 0 0 19 0 0 40 0 0 0 0 20 0 5 0 18 36 24 64 45 8 0 0 0 0 4 13 9 0 5 0 0 6 1 24 0 0 12 0 68 15 5 72 24 0 40 0 0 0 20
0 20 0 0 0 0 0 0 30 0 0 0 0 0 0 40 0 0 0 0 5 27 0 18 0 0 0 0 0 0 0 0 35 0 0 0 0 0 0 27 0 0 0 0 0 15 0 0 0 0 0 67 0 0 0 0 0 0 15 0 0 0 0 0
0 11 42 36 0 113 14 0 0 0 68 0 0 27 0 0 0 6 0 5 120 12 54 0 0 0 0 0 7 0 0 49 42 36 9 0 48 18 0 6 6 0 0 12 7 0 0 4 0 5 35 0 1 42 12 1 72 0 15 3 0 18 0 27
72 0 0 72 139 0 7 68 24 14 0 18 0 0 4 18 0 8 30 18 12 12 48 0 51 0 0 0 15 14 0 96 4 48 89 45 0 56 20 21 16 100 18 85 32 0 164 17 0 45 28 60 0 0 9 68 36 53 12 28 0 80 54 57
49 0 42 54 0 56 59 0 0 6 126 0 0 0 42 0 0 0 0 0 98 0 123 0 0 0 0 0 35 6 0 87 119 0 7 42 114 0 0 9 9 0 0 0 0 0 21 0 0 0 47 15 0 84 18 49 126 0 0 0 0 0 18 0
0 0 48 18 72 64 0 0 0 0 72 0 0 0 0 0 0 0 0 0 72 0 0 0 0 0 0 0 0 0 0 54 0 0 71 0 0 14 0 0 0 0 27 0 8 0 0 0 0 0 40 0 0 48 0 0 126 72 0 0 0 16 0 72
0 0 0 0 46 65 0 0 0 12 0 0 21 9 0 0 0 0 0 12 56 0 0 0 0 10 0 0 0 0 0 0 8 35 0 0 0 0 0 0 0 12 0 20 0 0 0 10 0 0 0 0 0 0 0 0 16 4 0 0 0 0 0 0
72 0 0 0 64 0 0 35 0 0 0 0 0 0 0 0 0 8 0 0 0 0 0 0 0 0 0 0 0 0 0 0 0 0 40 0 0 0 0 0 20 102 0 40 0 0 40 8 0 0 0 0 0 0 0 75 0 0 0 35 0 20 0 0
0 24 0 56 63 0 56 72 0 0 0 0 0 0 0 42 0 0 30 10 3 10 40 6 0 35 0 0 0 0 28 5 0 60 37 59 0 0 40 16 45 45 0 0 0 9 0 60 21 5 1 9 0 35 0 0 72 15 0 104 0 0 0 0
0 5 0 0 40 0 0 0 14 0 0 0 0 0 0 0 0 0 0 35 48 45 24 18 16 0 0 15 45 6 6 60 0 48 0 24 24 0 0 56 0 0 0 0 49 36 40 0 0 72 0 0 2 0 24 28 68 0 0 0 0 10 48 0
0 0 0 0 72 0 20 0 0 0 15 27 0 0 0 0 0 0 40 0 0 0 0 0 0 0 0 0 0 0 0 0 0 0 0 0 45 27 0 0 18 0 0 10 36 0 45 35 0 0 0 0 0 40 0 0 0 0 0 0 0 0 35 0
0 0 0 0 46 8 0 0 4 54 0 3 0 0 0 3 0 0 47 3 2 48 0 0 48 16 0 0 0 48 0 45 12 36 14 0 0 0 0 42 0 48 6 0 0 0 54 40 0 54 0 0 0 0 18 0 12 32 2 12 0 0 42 22
72 40 30 0 64 40 0 0 0 0 45 0 0 0 0 0 0 23 0 25 45 30 0 0 0 40 5 25 0 0 0 30 25 30 15 0 0 0 0 0 0 72 0 40 35 0 0 28 0 25 25 0 0 35 0 40 90 0 0 0 0 0 0 0
36 0 0 0 35 8 9 14 0 66 7 0 0 0 0 16 12 52 14 48 2 6 0 0 69 16 0 0 21 18 24 69 14 2 0 63 0 12 28 0 16 84 0 83 28 0 107 44 0 27 36 128 0 12 0 20 54 80 6 0 0 0 2 0
0 0 0 0 14 36 0 0 56 48 21 0 21 0 0 56 0 0 0 63 0 0 0 72 0 16 0 0 14 0 0 48 4 0 0 49 0 0 0 0 0 48 0 66 0 14 0 40 0 0 0 0 8 0 0 0 8 16 0 0 35 40 0 0
0 0 24 0 0 32 0 56 0 0 36 0 0 0 0 0 0 0 0 0 36 0 0 0 0 0 0 0 0 0 0 24 8 42 25 0 0 0 0 0 0 0 0 0 0 0 0 18 0 0 20 0 0 24 0 0 36 7 0 0 0 0 0 18
0 5 0 0 112 0 0 0 32 0 0 21 0 0 0 0 0 0 0 0 56 45 0 0 0 0 28 15 61 7 7 28 16 16 0 0 10 21 53 0 14 0 0 40 28 42 0 0 0 0 0 0 0 0 0 0 37 0 35 0 0 0 0 0
0 22 0 0 40 2 17 21 58 6 0 21 0 18 0 113 0 4 35 21 23 27 0 0 16 0 0 0 0 6 0 139 67 48 24 0 0 12 28 56 12 46 0 2 0 15 85 9 0 72 32 87 0 0 24 21 0 0 51 23 0 24 90 27
7 0 0 0 35 0 8 0 0 0 0 0 0 0 6 0 0 61 0 0 5 54 0 0 0 42 0 30 0 0 0 0 18 18 0 0 46 0 42 42 0 0 0 25 0 0 0 0 6 0 0 0 0 6 0 0 29 14 0 0 0 0 0 0
0 9 0 52 0 7 28 0 0 0 0 0 0 63 0 0 0 35 25 25 0 0 0 0 0 56 7 35 0 0 0 15 51 0 1 3 0 77 0 0 0 0 0 7 55 0 0 43 0 0 0 0 0 7 0 0 54 5 35 47 0 82 0 99
0 11 48 35 90 121 62 0 0 0 132 18 49 9 0 56 0 2 48 24 75 63 56 0 0 0 0 0 0 0 0 53 2 0 13 64 54 24 56 0 75 63 0 18 87 23 54 77 63 0 76 0 0 96 0 0 139 0 5 1 0 6 42 9
0 0 6 0 56 8 0 21 0 0 9 0 0 0 0 0 0 18 0 56 9 0 0 0 14 0 0 0 0 0 56 30 14 0 25 0 0 0 0 0 12 18 0 35 0 0 30 0 0 63 5 12 0 6 0 21 37 24 0 21 0 12 0 0
0 0 0 6 0 0 0 0 0 0 0 0 0 0 0 0 0 19 0 0 0 0 9 0 0 0 0 0 0 0 0 16 7 0 0 0 12 0 6 1 1 0 0 0 0 0 4 0 0 0 0 8 0 0 2 0 0 18 0 0 0 0 0 0
0 0 0 0 14 0 0 0 0 0 0 0 0 0 0 0 0 63 0 0 0 0 0 0 0 0 0 5 0 0 20 0 0 45 0 0 36 0 54 0 2 0 0 0 0 0 0 0 0 0 0 0 0 0 10 0 0 18 0 0 0 0 0 20
0 32 0 0 100 0 0 14 48 0 6 18 0 0 4 0 0 0 0 0 0 12 0 0 0 0 0 0 0 27 0 0 0 0 63 0 0 18 0 0 35 16 15 0 24 24 16 0 18 18 0 0 0 0 0 14 30 40 0 26 0 8 0 40
0 0 49 0 26 0 40 0 0 56 40 0 21 9 0 0 0 0 0 12 72 48 49 21 0 48 0 0 56 0 0 56 0 0 7 0 0 0 0 0 0 0 3 72 0 28 42 0 0 0 0 0 8 0 0 8 6 8 0 0 0 0 0 8
0 0 0 0 93 16 64 0 0 0 0 0 0 0 0 0 0 0 0 0 0 0 0 0 0 0 0 0 32 0 0 0 56 24 48 40 0 0 0 0 3 0 0 0 0 0 0 0 0 0 0 0 0 0 15 0 0 0 0 0 0 0 0 0
0 4 0 14 122 0 42 0 0 0 21 27 59 15 0 40 0 0 101 20 5 15 0 0 8 34 0 0 0 16 0 24 63 95 2 6 63 27 0 28 18 0 88 14 36 0 83 126 0 36 0 40 0 56 12 0 18 9 35 72 0 0 73 63
35 2 0 7 0 27 47 0 0 8 0 0 42 0 64 0 0 0 56 0 49 106 0 0 48 42 0 0 0 92 0 0 72 78 1 3 18 24 117 0 0 14 56 0 0 0 32 7 0 63 0 0 0 30 0 0 54 0 98 16 0 0 0 8
0 18 0 49 63 4 61 0 0 0 56 0 24 36 0 48 0 8 0 0 6 18 0 0 0 24 0 0 0 16 0 40 60 36 7 21 0 24 0 0 0 0 32 49 0 0 0 49 0 0 0 48 0 0 0 0 99 0 58 4 0 24 16 36
0 4 0 0 108 6 53 0 0 0 23 0 0 0 0 0 0 0 48 0 9 42 0 0 0 45 0 12 39 0 36 7 33 44 18 15 54 0 0 9 0 0 56 21 0 0 54 69 27 0 0 0 1 93 0 1 4 0 0 72 0 0 42 27
21 0 24 0 54 12 96 64 0 27 0 0 0 0 28 0 0 0 21 0 15 54 0 0 18 0 0 0 24 24 0 0 72 66 60 30 0 0 0 0 0 10 0 64 32 0 12 0 0 45 56 48 0 90 0 0 27 8 40 62 0 0 0 3
0 10 14 35 60 0 35 24 0 16 0 15 0 0 0 0 0 12 0 48 0 0 14 6 12 44 4 20 0 0 48 0 20 18 14 15 0 15 0 0 12 0 0 0 20 8 12 35 0 54 0 0 0 4 10 0 45 3 0 0 0 0 0 0
0 7 54 0 35 72 0 0 0 0 81 0 30 0 0 0 0 54 0 0 81 63 0 0 0 30 0 21 35 20 0 126 10 45 9 0 0 0 0 0 0 0 40 25 0 0 18 0 0 0 45 36 0 54 0 0 108 72 25 0 0 0 0 0
0 0 0 0 29 0 16 0 4 21 4 0 6 0 4 89 8 0 21 0 21 24 0 0 18 0 0 0 0 42 0 91 30 0 8 0 0 0 56 0 13 56 0 0 10 63 12 54 12 0 47 0 0 0 15 14 0 0 0 14 0 0 0 57
0 0 0 0 0 0 0 0 0 0 0 0 0 0 0 0 0 0 0 0 0 16 42 24 0 0 0 0 35 0 0 0 32 0 0 42 42 0 0 36 0 0 0 0 0 0 0 72 0 0 0 36 0 0 0 49 0 0 0 0 0 0 0 72
8 16 0 0 0 7 0 0 24 42 0 0 12 0 16 0 0 0 0 5 0 0 66 0 0 26 0 0 25 8 0 0 0 18 0 30 58 0 24 0 0 50 16 0 39 36 0 35 0 0 0 0 0 0 28 35 9 14 10 0 20 0 36 0
0 18 0 0 20 54 0 0 9 5 103 81 18 0 0 32 0 27 107 0 36 82 0 0 38 0 0 6 55 40 0 59 38 56 4 0 0 0 0 28 63 0 0 0 0 0 40 8 0 46 18 95 0 0 12 0 2 0 12 10 0 0 38 5
0 0 54 0 72 110 24 45 0 48 84 0 74 0 72 48 0 0 0 54 18 72 42 18 2 36 0 0 24 0 0 18 53 33 53 57 0 0 0 7 12 18 0 48 56 133 65 72 72 9 50 0 0 12 3 21 18 3 0 21 93 12 6 72
0 0 0 0 36 18 33 42 35 0 25 0 0 0 0 20 36 0 87 12 125 30 64 45 44 0 0 0 47 8 8 117 36 40 0 36 0 36 44 28 48 28 0 81 0 48 100 81 0 36 20 20 10 36 12 5 54 9 0 72 0 25 24 81
0 0 0 0 32 0 4 0 0 12 42 0 0 0 72 35 0 0 28 0 15 32 8 0 36 0 0 0 0 40 0 91 16 36 0 0 18 0 81 42 0 0 0 0 0 126 82 18 0 54 21 20 0 0 18 0 0 0 63 8 63 0 48 22
27 3 0 0 33 3 9 0 0 0 14 0 0 27 0 0 0 9 0 82 0 0 0 0 18 0 0 6 0 0 96 10 8 54 0 0 0 18 0 0 0 27 0 18 14 0 0 21 0 81 0 0 0 0 0 15 18 0 15 3 0 18 4 69
0 6 0 21 10 0 21 0 0 0 0 0 0 0 0 40 0 76 0 0 5 15 0 0 85 72 9 45 27 0 0 12 80 12 3 90 28 0 78 14 0 0 0 81 0 0 46 21 0 18 0 86 0 9 6 0 27 14 15 0 0 0 12 2
0 64 0 0 18 0 36 0 0 0 27 0 0 0 14 0 0 54 72 0 32 90 72 0 0 0 0 0 0 4 4 72 0 48 16 0 81 0 0 0 0 14 0 18 0 24 171 95 0 103 0 36 0 72 0 0 0 72 0 0 0 0 63 0
42 0 0 0 0 0 48 24 0 2 0 0 0 0 42 0 0 0 14 0 30 34 0 0 12 0 0 0 0 16 0 0 52 18 9 0 0 0 0 0 0 6 0 0 0 0 8 0 0 27 0 0 0 36 0 0 54 3 0 4 0 0 0 2
0 36 15 45 75 4 15 0 78 39 0 0 14 6 0 0 0 30 0 8 0 0 0 0 0 12 21 5 27 0 20 76 0 57 0 0 0 35 6 0 9 24 0 40 40 27 10 20 0 0 35 50 0 45 45 0 0 48 25 35 0 40 0 20
0 63 0 0 0 0 0 28 8 36 0 0 12 0 8 49 16 0 0 0 21 105 0 0 0 0 0 21 35 0 0 35 0 42 46 0 0 0 0 0 16 24 0 0 20 63 32 28 0 35 7 0 0 0 0 56 7 0 0 28 0 16 0 0
0 0 0 0 63 18 48 0 3 0 18 27 6 0 0 0 0 9 24 0 0 0 0 0 0 5 0 0 39 0 4 0 42 18 36 30 0 0 0 1 21 0 0 0 0 0 0 0 3 0 6 21 0 5 0 0 0 0 0 8 0 0 0 0
0 0 15 0 76 8 53 0 0 15 0 0 36 0 30 50 0 0 0 10 0 0 46 0 16 36 0 0 21 24 0 69 52 114 24 61 6 36 115 56 45 66 48 40 20 0 40 0 0 72 50 30 0 45 24 7 0 0 55 35 0 0 48 0
0 0 49 0 3 0 0 0 18 101 0 0 15 0 10 0 20 0 0 24 0 0 91 21 6 42 7 0 44 0 24 7 0 4 0 42 42 0 2 0 0 0 0 0 25 28 42 0 0 27 0 0 0 0 0 84 0 0 0 0 0 0 0 0
0 0 0 0 0 0 4 0 0 0 3 0 0 0 0 28 0 0 8 25 36 0 0 0 9 0 0 2 3 3 11 20 0 18 0 9 9 0 4 0 0 0 0 11 35 54 13 7 0 0 4 5 0 8 0 0 45 0 0 0 0 0 7 8
0 2 0 0 0 0 15 0 8 0 15 0 0 0 0 14 0 0 0 0 33 36 0 0 0 0 7 6 40 0 0 38 0 4 0 0 16 0 74 0 0 0 0 27 0 18 0 0 0 0 2 0 3 0 0 3 2 0 56 0 0 0 0 0
4 0 0 0 17 29 8 0 8 36 0 3 24 0 16 0 16 0 0 0 24 0 18 0 0 12 0 0 4 8 0 0 7 36 6 5 14 3 12 0 2 4 16 0 40 12 0 0 0 0 0 1 0 0 14 28 0 0 10 0 10 0 18 2
14 0 63 0 14 63 2 0 0 72 0 0 24 0 28 5 0 0 0 0 56 0 126 27 63 78 0 0 21 16 0 7 0 71 0 63 65 0 149 0 2 21 32 63 56 78 82 0 0 0 5 35 0 0 59 0 0 0 76 0 35 0 63 0
16 0 0 0 0 6 0 0 3 0 18 27 6 0 32 0 0 9 24 0 0 0 72 0 0 0 0 0 15 0 0 0 0 0 0 0 56 0 48 0 21 16 0 0 64 48 0 0 0 0 6 21 0 0 56 0 0 0 0 0 40 0 72 0
0 0 0 42 77 0 0 0 16 72 0 0 24 0 28 0 32 35 0 0 0 36 63 0 0 0 0 0 0 0 0 0 59 0 0 0 76 0 30 7 13 12 0 25 40 0 0 0 0 54 0 0 0 0 44 56 20 10 0 0 0 0 0 0
0 4 54 59 9 77 27 0 24 30 92 18 0 0 0 18 0 0 46 18 150 6 12 0 45 15 0 0 32 6 10 130 28 0 11 63 30 35 20 1 0 30 0 58 20 36 38 116 3 0 45 25 1 75 0 15 99 10 12 8 0 40 50 63
0 0 0 0 81 14 0 0 7 0 42 84 14 0 0 0 0 21 56 0 0 0 6 0 10 0 0 0 40 0 0 30 0 30 0 6 6 21 0 35 63 0 0 0 28 0 25 0 0 45 14 49 0 0 15 7 0 0 0 0 0 0 30 0
35 0 36 0 14 48 40 0 20 0 54 15 0 0 30 15 0 42 25 15 153 0 24 0 0 0 0 0 0 8 8 81 40 0 13 0 24 0 36 0 0 0 3 0 0 48 24 0 0 0 30 0 0 66 0 0 105 20 10 0 0 0 30 8
