1446 1290 1415 1214 1493 1082 1232 1176 1429 1136 1239 1205 1432 1455 1333 1685 1281 1607 1417 1307 1521 1521 1558 1491 1501 1357 1173 1464 1124 1468 1403 1711 1182 1238 1403 1504 1526 1365 1167 1493 1323 1581 1557 1343 1523 1423 1305 1056 1523 1411 1451 1461 1512 1304 1621 1307 1214 1463 1156 1437 1439 1160 1177 1244
1264 1125 1483 1115 1333 937 1141 1222 1327 1156 1313 1221 1364 1163 1209 1470 1203 1340 1300 1082 1447 1321 1335 1254 1366 1227 1092 1407 1123 1314 1275 1471 1066 1206 1348 1292 1491 1375 1162 1459 1182 1313 1256 1321 1320 1159 1186 1101 1340 1180 1087 1256 1387 1163 1516 1366 973 1449 1165 1354 1095 1040 1085 1239
1414 1317 1553 1315 1407 1222 1072 1233 1463 1189 1279 1338 1500 1520 1317 1510 1221 1407 1320 1140 1491 1436 1479 1358 1482 1362 1129 1593 1185 1305 1401 1659 1250 1250 1296 1371 1552 1430 1163 1496 1343 1519 1496 1314 1397 1453 1222 1077 1517 1315 1310 1268 1362 1246 1412 1287 1221 1482 1223 1455 1359 1060 1144 1210
1244 1118 1197 1022 1138 1060 997 999 1182 920 1154 1017 1125 1192 1131 1386 1033 1261 1082 1076 1190 1237 1392 1211 1345 1150 849 1185 1009 1133 1150 1339 863 1128 1133 1154 1417 1123 1132 1307 1022 1190 1256 1144 1104 1173 1031 1067 1178 1183 1138 1170 1112 1080 1347 1203 977 1250 1089 1255 1145 772 1042 1087
1218 1137 1330 1147 1492 983 1173 1104 1220 1092 1223 1158 1274 1279 1083 1476 1090 1398 1204 1063 1261 1377 1296 1210 1434 1226 992 1336 1059 1332 1260 1390 1118 1043 1242 1228 1308 1241 1184 1153 1237 1344 1281 1149 1337 1444 1145 957 1388 1028 1180 1099 1263 1109 1479 1163 1045 1323 1070 1369 1265 996 1083 1279
1191 1088 1328 1164 1300 1007 1102 1066 1272 1128 1055 1033 1177 1173 1154 1396 969 1431 1156 1046 1402 1343 1213 1274 1371 1253 1054 1409 1046 1107 1295 1264 1085 1108 1212 1195 1355 1134 1089 1296 1186 1246 1374 1288 1263 1383 1150 1023 1202 1099 1119 1166 1128 1031 1300 1150 1044 1242 1059 1345 1182 1007 1156 1166
1352 1389 1461 1363 1492 1196 1258 1357 1458 1321 1287 1490 1535 1352 1280 1576 1264 1637 1526 1316 1573 1476 1505 1429 1492 1399 1277 1637 1270 1433 1406 1637 1299 1289 1413 1496 1572 1446 1239 1511 1274 1545 1568 1390 1381 1411 1311 1062 1536 1371 1382 1424 1537 1261 1559 1388 1230 1489 1273 1521 1502 1170 1237 1460
1557 1514 1728 1423 1578 1235 1359 1417 1682 1487 1369 1404 1559 1512 1605 1762 1359 1642 1473 1382 1692 1588 1660 1687 1696 1383 1353 1784 1386 1494 1424 1843 1297 1631 1484 1488 1666 1594 1437 1691 1480 1674 1737 1588 1604 1622 1561 1263 1621 1532 1518 1566 1588 1562 1728 1476 1301 1619 1482 1756 1543 1226 1371 1491
1134 1149 1293 1146 1299 1038 999 1128 1362 1005 1164 1180 1172 1266 1118 1301 995 1190 1134 1044 1265 1250 1415 1212 1204 1193 1005 1307 1032 1160 1263 1340 940 1140 1093 1187 1366 1313 1134 1314 1087 1178 1430 1284 1176 1204 1076 1101 1187 1288 1176 1175 1254 1172 1397 1185 934 1261 1072 1280 1198 886 1003 990
1309 1276 1374 1064 1253 1114 1169 1083 1231 1192 1214 1119 1309 1218 1194 1487 1197 1442 1382 1164 1404 1395 1268 1324 1444 1287 1008 1384 1091 1116 1297 1475 1087 1223 1354 1327 1408 1173 1057 1310 1278 1287 1258 1258 1145 1358 1238 1030 1354 1163 1186 1225 1328 1115 1384 1318 1041 1386 1208 1427 1151 903 1037 1341
1198 1171 1379 1140 1405 1026 1111 1090 1360 930 1072 1105 1346 1251 1187 1489 1023 1339 1196 1173 1392 1314 1335 1274 1295 1272 1057 1417 1100 1265 1349 1499 1061 1130 1312 1350 1407 1228 1053 1200 1240 1307 1390 1199 1248 1229 1227 1031 1357 1109 1202 1320 1256 1132 1376 1068 1081 1290 1088 1351 1260 963 1077 1160
1398 1253 1422 1132 1311 1143 1119 1011 1291 1082 1350 1137 1369 1312 1263 1554 999 1538 1327 1215 1471 1414 1339 1346 1394 1343 1099 1388 1117 1333 1302 1595 1240 1222 1345 1331 1548 1317 1156 1386 1125 1462 1555 1294 1311 1385 1203 1038 1317 1236 1295 1317 1272 1235 1489 1339 1224 1345 1164 1493 1284 978 1210 1267
1190 1089 1342 965 1294 1001 994 984 1444 1078 1107 1147 1167 1273 1174 1304 983 1313 1111 943 1328 1322 1212 1219 1344 1145 1024 1322 1120 1207 1142 1365 1000 1191 1158 1098 1369 1220 1129 1231 1057 1273 1288 1138 1070 1172 1089 864 1360 1160 1198 1165 1289 1147 1356 1216 1050 1220 1098 1352 1120 904 1104 1095
1445 1219 1408 1140 1321 1043 1124 1149 1308 1174 1308 1215 1236 1421 1266 1589 1091 1495 1170 1184 1445 1266 1448 1385 1316 1212 1144 1394 1112 1316 1355 1548 1058 1302 1256 1332 1421 1239 1167 1444 1229 1442 1539 1386 1386 1353 1325 1022 1500 1358 1250 1284 1205 1290 1468 1180 1287 1404 1250 1309 1423 982 1054 1139
1308 1089 1321 1092 1488 997 1054 1121 1304 1080 1106 1071 1233 1140 1123 1516 943 1423 1210 1091 1336 1325 1252 1224 1371 1249 1033 1343 1085 1206 1320 1302 1046 1007 1312 1276 1440 1016 1149 1258 1112 1288 1314 1181 1259 1374 1167 1102 1243 1128 1170 1160 1141 1204 1327 1289 1011 1341 1078 1245 1291 949 1103 1192
1361 1246 1401 1166 1510 1256 1226 1199 1442 1263 1304 1319 1362 1481 1249 1467 1250 1412 1278 1251 1500 1571 1509 1484 1506 1284 1035 1493 1185 1341 1394 1484 1046 1246 1223 1398 1456 1404 1208 1451 1269 1366 1390 1373 1358 1480 1308 1127 1467 1416 1277 1288 1507 1279 1465 1270 1009 1437 1288 1432 1374 1106 1179 1196
1323 1183 1561 1157 1303 990 962 1134 1343 1114 1286 1173 1319 1365 1158 1610 1103 1342 1282 1099 1317 1398 1410 1348 1470 1298 1197 1347 1048 1396 1318 1403 1040 1224 1308 1297 1587 1271 1108 1349 1209 1393 1331 1261 1215 1324 1133 1057 1320 1174 1167 1247 1317 1258 1379 1332 1087 1409 1059 1434 1301 958 986 1273
1466 1396 1667 1387 1570 1261 1350 1311 1549 1372 1337 1440 1493 1617 1468 1745 1228 1685 1520 1283 1731 1523 1712 1567 1781 1434 1322 1665 1279 1674 1481 1849 1378 1416 1536 1695 1862 1498 1359 1665 1529 1707 1659 1502 1510 1558 1473 1314 1661 1405 1362 1574 1630 1422 1717 1457 1412 1633 1265 1688 1545 1193 1340 1345
1461 1374 1525 1306 1502 1155 1179 1272 1433 1351 1278 1309 1434 1371 1281 1655 1266 1765 1424 1198 1535 1474 1527 1522 1397 1310 1241 1542 1195 1353 1440 1712 1189 1358 1368 1474 1548 1312 1250 1585 1354 1542 1675 1456 1497 1516 1418 1185 1471 1494 1399 1414 1376 1307 1654 1442 1239 1450 1105 1600 1445 1155 1153 1347
1396 1196 1484 1210 1440 1058 1296 1183 1342 1293 1270 1181 1321 1369 1209 1504 1103 1663 1337 1223 1588 1403 1416 1387 1441 1275 1260 1488 1195 1364 1366 1568 1114 1318 1224 1364 1537 1291 1159 1368 1314 1435 1489 1384 1316 1395 1297 1074 1355 1331 1336 1417 1361 1414 1486 1237 1138 1353 1200 1427 1467 1097 1183 1319
1397 1232 1440 1204 1316 942 1158 1096 1363 1198 1262 1161 1257 1388 1196 1577 999 1513 1330 1228 1400 1314 1441 1446 1425 1267 1101 1386 1160 1304 1262 1424 1152 1231 1346 1446 1457 1286 1143 1384 1341 1444 1479 1313 1294 1354 1266 1150 1364 1210 1180 1262 1460 1272 1482 1214 1146 1271 1109 1547 1319 891 1040 1316
1340 1168 1404 1148 1277 941 948 1135 1363 1064 1043 1144 1262 1337 1138 1571 1162 1275 1267 1071 1347 1230 1378 1432 1323 1100 1028 1428 1050 1334 1357 1434 1083 1160 1154 1258 1436 1226 1015 1318 1189 1306 1422 1355 1340 1234 1157 910 1309 1186 1219 1270 1220 1196 1351 1054 1152 1477 1148 1245 1330 926 1022 1269
1550 1451 1742 1386 1548 1352 1406 1329 1496 1321 1469 1468 1580 1628 1483 1959 1397 1656 1541 1284 1680 1610 1741 1726 1696 1466 1243 1631 1295 1575 1640 1763 1309 1494 1499 1553 1821 1492 1410 1659 1463 1635 1688 1603 1621 1516 1501 1254 1544 1423 1479 1511 1511 1346 1721 1419 1370 1723 1355 1585 1549 1139 1224 1450
1114 1010 1383 998 1184 1007 1022 1030 1274 1065 1156 1155 1242 1151 1013 1188 1057 1153 1139 996 1231 1221 1202 1012 1186 1073 1059 1203 943 1101 1181 1398 958 1022 1169 1116 1286 1071 960 1209 1040 1248 1082 1123 1071 1044 941 852 1190 1104 1208 1135 1188 1079 1208 1111 925 1172 1056 1204 1059 840 904 1014
1614 1348 1620 1214 1412 1137 1353 1285 1390 1309 1328 1220 1494 1416 1417 1642 1263 1595 1334 1405 1741 1536 1558 1483 1481 1400 1231 1552 1291 1447 1522 1679 1242 1423 1365 1535 1673 1436 1218 1466 1395 1545 1586 1415 1488 1487 1513 1206 1478 1407 1393 1451 1504 1449 1570 1276 1228 1469 1325 1554 1377 1050 1249 1372
1334 1234 1538 1310 1562 1173 1255 1217 1401 1159 1297 1254 1371 1451 1309 1714 1212 1517 1395 1166 1499 1455 1402 1492 1508 1320 1217 1521 1115 1461 1452 1524 1152 1330 1354 1439 1569 1341 1273 1449 1325 1496 1545 1452 1404 1460 1280 1150 1343 1251 1325 1331 1419 1283 1563 1258 1149 1560 1186 1508 1413 1187 1115 1346
1275 1167 1273 1082 1210 1038 1196 1124 1238 1090 1174 1123 1228 1255 1158 1404 1186 1454 1270 1129 1366 1384 1373 1325 1529 1241 1020 1321 1062 1255 1195 1416 1049 1118 1198 1263 1396 1311 1124 1315 1162 1388 1311 1191 1254 1397 1135 991 1348 1097 1233 1333 1343 1213 1394 1249 1065 1251 1132 1373 1326 987 1133 1229
1364 1319 1462 1312 1422 1107 1247 1243 1363 1193 1298 1242 1449 1457 1320 1655 1178 1561 1438 1212 1508 1373 1350 1374 1597 1300 1101 1547 1136 1420 1369 1627 1267 1233 1403 1427 1524 1406 1155 1349 1328 1559 1475 1311 1400 1418 1220 1018 1449 1192 1497 1369 1487 1261 1492 1276 1182 1507 1282 1512 1426 1073 1130 1307
1235 1157 1397 1254 1396 853 1058 1208 1441 1020 1062 1119 1245 1297 1320 1442 1152 1325 1210 1140 1258 1322 1327 1294 1375 1236 1054 1541 1031 1344 1241 1461 1121 1197 1249 1173 1397 1283 1101 1324 1115 1270 1399 1382 1386 1245 1250 936 1392 1198 1126 1266 1217 1284 1356 1185 1095 1336 1118 1219 1372 1071 1184 1098
1211 1173 1469 1143 1454 1054 1132 1182 1298 1134 1131 1194 1306 1402 1296 1460 1100 1406 1307 1104 1451 1399 1382 1300 1395 1141 1171 1412 1055 1310 1336 1622 1161 1238 1296 1374 1455 1429 1184 1383 1224 1464 1359 1351 1353 1408 1250 1084 1379 1231 1320 1313 1316 1176 1540 1329 1086 1327 1079 1425 1328 1128 1176 1244
1569 1420 1681 1404 1588 1204 1336 1334 1623 1239 1386 1268 1676 1551 1445 1911 1367 1792 1464 1475 1741 1520 1619 1629 1617 1490 1245 1586 1311 1580 1617 1746 1233 1465 1415 1565 1666 1388 1349 1529 1451 1694 1732 1462 1648 1543 1443 1131 1581 1371 1633 1449 1478 1585 1666 1534 1370 1645 1349 1633 1639 1211 1247 1381
1209 1116 1382 1158 1349 875 1097 1158 1350 963 1109 1132 1224 1302 1279 1354 966 1296 1095 1098 1367 1343 1320 1214 1339 1241 1044 1311 1028 1285 1252 1385 1071 1096 1077 1230 1382 1391 1042 1316 1153 1287 1325 1193 1231 1275 1191 1054 1315 1176 1153 1309 1279 1221 1346 1140 1013 1219 1095 1264 1309 945 1170 1100
1411 1281 1622 1336 1490 1116 1210 1271 1438 1286 1346 1367 1484 1463 1315 1592 1157 1600 1472 1143 1552 1567 1472 1480 1435 1439 1322 1441 1123 1367 1577 1526 1261 1326 1365 1405 1482 1425 1284 1436 1395 1402 1470 1509 1302 1481 1287 1155 1402 1480 1299 1260 1452 1420 1629 1488 1124 1477 1278 1412 1569 1165 1154 1329
1307 1131 1541 1224 1403 929 1134 1151 1425 1198 1347 1184 1269 1310 1195 1620 1206 1518 1231 1161 1321 1296 1368 1307 1557 1397 971 1425 1147 1455 1390 1438 1113 1286 1435 1302 1577 1254 1156 1376 1232 1325 1378 1231 1235 1275 1123 1116 1412 1121 1211 1305 1369 1164 1391 1294 1087 1406 1104 1424 1208 1091 1102 1287
1302 1218 1615 1284 1468 1168 1249 1144 1370 1205 1356 1220 1454 1389 1274 1500 1094 1632 1470 1194 1565 1456 1467 1354 1584 1341 1258 1574 1116 1444 1401 1627 1250 1332 1521 1384 1670 1403 1297 1431 1299 1594 1382 1450 1429 1455 1379 1090 1566 1215 1263 1310 1458 1269 1523 1377 1313 1466 1251 1560 1412 1022 1221 1292
1154 1109 1384 1094 1419 1072 1121 1142 1156 1250 1209 1253 1253 1153 1063 1389 943 1357 1238 1062 1413 1320 1252 1237 1311 1276 1083 1283 1136 1285 1309 1269 1114 1108 1277 1331 1445 1264 1037 1216 1168 1278 1200 1298 1092 1291 1166 1108 1226 1054 1039 1052 1294 1059 1367 1196 972 1372 1137 1304 1217 970 1086 1320
1194 1120 1437 1242 1273 976 1131 990 1272 1210 1256 1192 1151 1366 1127 1495 1042 1508 1329 1055 1249 1298 1362 1262 1412 1320 1067 1333 1041 1226 1449 1435 1144 1172 1338 1361 1412 1277 1120 1279 1321 1230 1358 1328 1262 1339 1232 1179 1202 1252 1179 1204 1212 1170 1422 1255 1129 1403 1104 1250 1385 962 1019 1211
1334 1153 1449 1026 1398 908 1073 1072 1380 1000 1193 1097 1298 1211 1231 1551 1066 1297 1182 1164 1392 1338 1366 1372 1357 1337 1031 1272 1080 1387 1243 1425 1052 1186 1235 1340 1449 1271 950 1283 1139 1299 1333 1186 1195 1334 1197 1044 1354 1157 1109 1296 1372 1282 1440 1162 1043 1360 1070 1364 1226 907 1085 1232
1235 1089 1382 1144 1443 1071 1074 1008 1263 1183 1132 1177 1264 1171 1031 1416 1100 1301 1178 1153 1358 1212 1396 1262 1230 1241 1015 1369 1076 1197 1326 1245 992 1066 1143 1219 1266 1134 1083 1229 1190 1260 1224 1261 1209 1333 1208 1014 1236 1082 1144 1073 1171 1203 1260 1148 960 1432 1123 1212 1343 935 977 1138
1143 1083 1280 1149 1268 921 983 1004 1286 1031 1077 1076 1238 1207 1164 1345 961 1386 1222 963 1351 1238 1128 1200 1472 1138 922 1333 1079 1243 1146 1370 1095 1113 1213 1173 1317 1178 1095 1169 1203 1294 1268 1069 1160 1150 1070 994 1158 1043 1168 1213 1334 1106 1357 1237 1086 1250 1046 1350 1204 937 1102 1136
1375 1190 1376 1250 1377 1071 1108 1114 1397 1038 1142 1242 1292 1268 1285 1514 1157 1488 1263 1085 1400 1411 1451 1343 1377 1261 1127 1392 1033 1290 1358 1479 1209 1220 1197 1272 1436 1309 1269 1499 1209 1311 1445 1259 1326 1368 1178 982 1389 1403 1270 1338 1305 1247 1400 1309 1184 1339 1146 1288 1366 1064 1146 1319
1446 1247 1413 1199 1349 1081 1184 1161 1329 1148 1367 1222 1333 1394 1424 1591 1060 1516 1282 1305 1500 1448 1459 1387 1459 1269 1110 1423 1161 1399 1304 1509 1236 1316 1335 1428 1506 1403 1215 1423 1273 1415 1489 1200 1426 1378 1322 1040 1399 1317 1261 1383 1401 1317 1482 1282 1224 1314 1198 1453 1471 982 1183 1364
1169 1086 1391 1144 1307 889 1052 1107 1235 1122 1140 1101 1179 1200 1098 1410 1072 1341 1150 1044 1262 1276 1235 1219 1399 1213 1195 1249 1010 1301 1232 1332 994 1213 1359 1229 1370 1275 1069 1152 1281 1270 1213 1216 1148 1225 1133 1015 1341 1074 994 1079 1388 1228 1333 1237 1025 1237 1155 1336 1156 1057 915 1184
1211 1093 1359 1089 1266 1038 1004 1054 1322 926 1093 1076 1346 1194 1204 1371 1119 1285 1168 1083 1310 1277 1281 1115 1317 1206 1024 1365 1023 1228 1297 1340 1052 1180 1195 1195 1334 1231 1046 1267 1042 1223 1296 1229 1247 1254 1093 989 1168 1207 1130 1154 1154 1168 1297 1185 900 1283 1068 1285 1176 946 981 1083
1295 1242 1452 1223 1490 1096 1068 1151 1389 1113 1102 1159 1408 1326 1193 1573 1127 1541 1293 1146 1416 1390 1336 1371 1437 1237 1200 1502 1038 1409 1280 1519 1163 1106 1284 1336 1441 1189 1188 1360 1297 1494 1468 1275 1336 1384 1160 1059 1295 1146 1335 1331 1308 1262 1417 1253 1158 1330 1131 1513 1504 1072 1158 1252
1373 1245 1369 1078 1287 1138 1158 1033 1367 1135 1189 1212 1297 1340 1156 1553 1187 1378 1203 1119 1413 1306 1567 1367 1452 1371 1022 1411 1200 1328 1321 1480 1113 1202 1294 1372 1407 1284 1164 1368 1214 1366 1440 1158 1252 1323 1164 1134 1318 1254 1376 1240 1359 1171 1315 1194 1147 1462 1279 1370 1306 848 977 1284
1279 1177 1396 1254 1495 981 1192 1094 1379 1124 1218 1183 1323 1309 1207 1593 1122 1472 1247 1154 1406 1268 1379 1264 1565 1256 1126 1483 1117 1392 1300 1554 1201 1309 1388 1293 1436 1244 1257 1270 1357 1421 1414 1238 1327 1332 1124 972 1447 1135 1362 1332 1383 1283 1432 1291 1172 1340 1157 1401 1310 1081 991 1181
1405 1248 1531 1217 1457 1072 1227 1143 1434 1198 1305 1167 1471 1518 1291 1496 1147 1679 1404 1267 1617 1501 1463 1389 1532 1326 1174 1478 1194 1461 1532 1583 1204 1289 1315 1442 1646 1355 1237 1418 1283 1472 1523 1406 1440 1516 1414 1146 1383 1391 1317 1350 1497 1448 1617 1302 1154 1489 1153 1576 1388 1157 1351 1223
1309 1227 1435 1078 1247 1167 1086 1215 1198 1134 1246 1165 1383 1261 1228 1439 1156 1305 1246 1236 1415 1303 1385 1330 1272 1159 1096 1382 1058 1256 1167 1450 1090 1214 1254 1297 1366 1252 972 1362 1089 1318 1311 1269 1311 1237 1112 957 1292 1228 1315 1209 1328 1275 1332 1193 1117 1386 1164 1327 1371 919 1022 1265
1493 1296 1540 1240 1539 1095 1172 1204 1560 1326 1401 1341 1303 1541 1332 1719 1301 1555 1440 1269 1490 1544 1535 1501 1515 1387 1166 1567 1172 1345 1526 1657 1221 1302 1496 1542 1623 1431 1231 1558 1381 1498 1533 1479 1341 1449 1299 1178 1561 1418 1381 1458 1481 1265 1559 1470 1132 1504 1287 1454 1412 1165 1138 1328
1282 1213 1367 1092 1349 1096 1175 1132 1277 1078 1102 1168 1173 1182 1187 1473 1049 1282 1137 1082 1393 1304 1377 1298 1369 1211 1016 1337 1153 1232 1328 1297 1161 1200 1291 1246 1362 1312 1147 1280 1228 1275 1365 1253 1297 1302 1196 1100 1313 1218 1171 1121 1235 1083 1403 1199 1159 1385 1199 1295 1250 868 1028 1247
1516 1208 1556 1330 1471 1048 1173 1264 1398 1230 1305 1257 1549 1395 1425 1605 1200 1574 1420 1207 1525 1443 1466 1360 1457 1359 1230 1565 1086 1457 1387 1662 1156 1301 1348 1398 1613 1362 1215 1467 1374 1464 1489 1225 1404 1455 1364 1093 1343 1195 1394 1406 1399 1442 1531 1282 1035 1446 1223 1527 1378 1094 1220 1363
1588 1342 1594 1334 1635 1114 1257 1330 1517 1290 1307 1238 1517 1675 1496 1729 1264 1655 1439 1419 1614 1512 1510 1551 1649 1323 1245 1682 1294 1527 1404 1634 1225 1501 1395 1596 1690 1476 1346 1590 1297 1689 1607 1370 1501 1507 1422 1063 1575 1362 1541 1432 1548 1539 1590 1371 1222 1479 1309 1634 1507 1176 1285 1401
1552 1239 1465 1247 1541 1123 1217 1310 1435 1328 1297 1388 1415 1525 1290 1524 1300 1552 1396 1161 1656 1452 1490 1399 1440 1324 1198 1622 1149 1338 1451 1612 1255 1105 1334 1503 1588 1387 1205 1572 1347 1432 1506 1350 1412 1483 1227 1075 1497 1373 1440 1392 1468 1337 1520 1342 1128 1529 1403 1453 1341 1116 1214 1329
1398 1246 1592 1289 1502 1101 1270 1349 1489 1340 1384 1337 1503 1449 1343 1654 1281 1637 1564 1305 1575 1534 1396 1479 1431 1314 1200 1521 1144 1420 1478 1681 1265 1316 1363 1514 1630 1450 1154 1434 1343 1500 1442 1429 1440 1358 1433 1048 1552 1328 1259 1388 1546 1406 1577 1419 1156 1474 1227 1471 1377 1152 1186 1362
1440 1301 1605 1257 1566 1129 1208 1318 1376 1251 1320 1355 1453 1372 1424 1640 1191 1448 1425 1209 1521 1511 1484 1352 1499 1433 1294 1520 1073 1349 1384 1629 1272 1204 1365 1439 1624 1486 1258 1582 1335 1553 1439 1420 1507 1605 1362 1170 1468 1305 1276 1218 1395 1298 1583 1435 1120 1565 1128 1507 1320 1109 1266 1339
1256 1178 1353 1171 1420 1059 1071 1129 1335 1049 1162 1248 1336 1148 1217 1492 1144 1200 1194 1161 1371 1291 1321 1285 1277 1333 1007 1393 1073 1274 1282 1285 1105 1097 1190 1231 1434 1313 1024 1258 1054 1326 1314 1192 1278 1218 1154 932 1292 1085 1232 1188 1311 1086 1357 1243 1010 1442 1019 1198 1219 949 1001 1118
1468 1313 1471 1217 1427 1165 1232 1247 1240 1163 1241 1188 1417 1323 1160 1563 1203 1491 1322 1288 1467 1497 1383 1364 1418 1342 1210 1488 1110 1340 1452 1474 1107 1169 1287 1431 1519 1323 1191 1396 1236 1404 1379 1377 1291 1472 1307 1153 1403 1333 1164 1162 1310 1267 1492 1352 1038 1364 1294 1403 1360 1005 1107 1368
1313 1311 1432 1347 1414 1152 1152 1244 1297 1181 1102 1263 1430 1291 1246 1504 1250 1525 1168 1289 1442 1351 1406 1314 1428 1262 1174 1522 1064 1405 1365 1478 1132 1272 1222 1323 1433 1393 1276 1492 1278 1406 1431 1311 1340 1436 1238 1062 1419 1157 1324 1237 1291 1246 1343 1255 1138 1320 1229 1493 1312 1138 1190 1296
1240 1094 1367 1174 1314 1090 1110 1213 1248 1158 1243 1127 1301 1254 1105 1409 1078 1465 1332 1133 1475 1306 1324 1305 1421 1275 983 1428 1189 1261 1342 1372 1010 1146 1232 1312 1489 1136 1050 1347 1111 1287 1377 1248 1220 1274 1097 1074 1221 1200 1186 1231 1305 1208 1361 1187 1078 1474 1097 1284 1343 1048 1118 1239
1326 1215 1442 1227 1407 1064 1059 1162 1389 1203 1291 1318 1372 1330 1313 1596 1061 1414 1302 1206 1469 1293 1393 1431 1410 1342 1075 1553 1222 1266 1268 1443 1274 1250 1347 1356 1492 1310 1112 1406 1220 1345 1471 1433 1411 1260 1251 1023 1389 1246 1190 1254 1343 1233 1414 1269 1228 1385 1176 1341 1327 934 1132 1179
1300 1120 1492 1164 1392 1132 1190 1229 1298 1272 1278 1261 1374 1300 1134 1579 1211 1419 1335 1189 1429 1362 1371 1339 1425 1326 1116 1364 1125 1282 1393 1376 1184 1101 1248 1413 1407 1242 1111 1384 1256 1279 1276 1285 1234 1357 1079 1113 1249 1242 1207 1276 1378 1260 1369 1329 1014 1404 1226 1341 1323 983 976 1387
1364 1181 1223 1180 1295 1056 1040 1163 1281 1172 1187 1207 1309 1209 1172 1385 1034 1340 1136 1164 1400 1129 1300 1297 1211 1188 968 1320 1100 1094 1263 1310 1031 1091 1122 1296 1334 1116 976 1265 1191 1206 1383 1197 1301 1280 1209 1032 1251 1283 1219 1138 1298 1186 1295 1094 976 1414 1189 1235 1185 913 962 1111
1318 1268 1506 1208 1525 1258 1269 1398 1351 1275 1213 1233 1377 1329 1322 1666 1178 1543 1377 1272 1575 1348 1377 1410 1424 1340 1210 1451 1190 1245 1492 1552 1041 1360 1409 1500 1564 1291 1215 1429 1310 1524 1562 1459 1389 1440 1312 1142 1421 1347 1475 1233 1284 1309 1526 1398 1206 1531 1349 1461 1365 1117 1095 1293
