0 28 48 9 28 117 0 0 27 47 0 63 4 6 0 9 32 0 0 72 9 5 0 0 0 51 0 54 21 0 9 0 16 0 0 0 0 36 0 0 76 9 36 0 54 3 33 0 0 0 114 0 36 9 0 47 18 0 73 70 10 0 18 0
4 32 0 4 0 0 0 0 0 7 9 8 8 0 5 0 0 0 0 0 0 0 40 0 0 26 0 2 8 0 0 0 24 0 0 0 0 0 14 41 0 0 0 4 0 0 0 0 3 0 9 0 3 56 7 0 36 0 0 14 0 1 0 2
81 0 72 12 12 54 0 0 0 40 0 0 0 54 36 0 0 48 18 0 10 0 9 15 25 0 0 0 0 0 30 20 18 32 40 50 0 0 56 0 0 12 0 0 0 45 0 0 0 0 0 0 0 56 0 0 12 0 18 0 90 4 12 0
0 32 0 0 0 34 0 0 6 6 30 30 0 0 0 2 42 0 21 0 49 48 40 0 0 74 64 72 0 0 0 0 24 0 0 0 30 8 12 32 16 8 0 0 6 0 0 0 0 64 16 0 8 56 6 0 64 18 68 0 0 12 42 0
0 0 6 16 9 0 0 0 0 9 0 0 0 0 9 0 24 0 18 0 42 0 21 0 0 24 0 0 0 0 0 0 12 0 0 0 0 0 0 14 5 0 23 3 0 0 0 0 0 0 21 0 0 0 0 0 0 0 63 0 0 0 0 0
0 0 0 56 36 0 0 54 0 48 0 0 0 0 9 0 24 45 0 0 0 0 0 0 18 0 0 0 0 0 0 0 0 54 24 0 63 0 0 100 7 0 46 0 81 0 0 0 0 81 0 36 0 0 0 12 0 0 0 0 0 0 0 0
0 12 0 45 0 0 0 0 0 0 15 18 9 0 0 0 18 36 0 0 0 8 12 0 15 0 0 99 0 72 12 15 9 24 15 0 27 27 0 0 0 9 0 0 0 0 0 6 12 0 0 0 6 2 99 72 9 54 0 0 0 0 0 0
24 0 0 6 42 0 0 0 0 0 5 6 0 0 0 0 6 12 21 0 0 0 4 0 5 81 27 0 0 0 0 0 0 0 0 0 0 9 0 0 0 0 54 0 12 0 36 0 0 0 39 0 0 0 0 30 0 0 0 63 0 0 63 0
8 0 0 26 0 0 0 0 0 6 0 0 16 0 0 0 0 4 7 0 0 0 0 0 0 0 0 0 0 0 0 0 0 0 0 0 0 0 0 8 2 0 12 0 4 5 0 0 4 0 9 0 0 0 0 0 72 0 0 0 0 0 0 0
97 12 4 35 35 16 42 0 4 63 18 0 20 0 42 8 28 0 66 9 49 0 7 53 0 47 16 20 4 56 0 109 81 0 0 14 53 32 0 24 2 18 14 0 0 2 0 0 0 0 0 6 8 84 0 0 30 45 56 0 0 0 38 27
34 12 46 4 7 84 0 8 0 42 0 0 8 12 0 3 0 44 38 0 4 36 10 0 77 0 0 36 0 0 0 0 0 35 82 56 40 0 0 0 0 0 24 0 53 10 6 27 54 0 20 15 21 34 6 5 0 0 33 7 49 0 3 5
32 0 0 12 71 48 21 0 32 0 0 0 3 0 40 0 72 12 0 72 0 0 0 0 0 0 0 24 0 24 9 64 0 8 0 32 62 0 0 72 72 9 121 32 47 8 54 0 0 0 18 0 64 9 27 96 40 18 54 111 0 8 59 16
0 16 0 41 0 0 0 16 0 40 0 0 0 0 0 0 0 0 0 0 0 0 0 0 15 0 32 0 15 0 12 15 9 24 35 0 0 0 0 0 0 9 0 0 0 0 0 0 0 0 0 30 0 0 0 0 9 0 0 20 0 0 0 0
36 0 32 0 2 0 0 0 4 42 0 0 0 24 18 0 0 8 8 6 10 0 4 0 0 0 0 0 0 0 14 0 42 1 0 14 0 0 0 0 0 0 5 0 0 20 0 0 0 0 0 0 5 42 0 0 0 30 18 0 32 4 4 18
0 30 0 0 0 21 0 0 0 0 78 5 0 0 0 0 49 0 0 0 0 56 0 0 0 63 40 49 16 0 0 0 0 0 0 5 35 0 0 0 0 5 5 0 0 0 0 0 6 40 18 0 0 0 0 0 40 21 14 36 0 54 49 0
0 6 0 12 67 79 45 6 0 0 0 0 0 0 36 0 35 0 29 0 41 0 0 0 0 114 30 56 0 0 56 35 0 0 10 20 40 40 56 35 0 35 96 0 45 0 54 0 0 0 18 57 10 81 0 45 25 0 60 42 0 8 57 0
0 0 0 0 0 24 42 0 0 54 10 12 3 0 0 0 26 18 16 68 0 0 8 0 25 10 0 0 27 0 7 14 0 0 20 0 32 34 0 0 0 7 41 0 57 25 0 0 20 0 0 66 4 27 0 21 10 0 42 85 0 0 0 0
37 0 8 0 0 18 113 0 0 14 0 0 4 6 35 0 63 40 14 18 0 0 1 0 8 52 0 0 0 0 0 63 77 0 6 0 24 72 0 63 0 0 21 28 27 5 0 0 28 0 0 9 39 29 0 0 90 10 0 42 8 7 0 20
0 0 3 0 0 9 35 0 32 0 103 0 0 0 0 0 21 7 9 21 56 33 51 0 0 75 0 0 0 0 0 63 0 0 32 0 39 12 28 0 0 18 0 0 0 72 51 26 0 0 56 0 9 0 16 0 7 9 6 0 0 6 21 0
0 16 40 28 0 72 36 0 0 80 0 0 7 21 0 0 28 28 0 0 0 0 0 0 6 41 0 116 9 56 0 28 0 0 0 0 14 32 0 0 0 0 0 0 0 0 0 0 0 0 0 0 8 0 63 56 20 42 16 0 16 0 0 0
0 0 0 20 20 0 0 2 0 0 40 48 2 0 24 0 48 8 0 0 0 16 38 20 54 0 0 0 0 32 0 0 0 0 18 0 12 72 0 0 0 0 0 0 0 0 0 12 24 0 0 0 0 16 0 0 0 0 0 0 0 0 0 0
4 0 0 0 0 0 0 0 0 6 0 0 0 0 5 0 0 0 0 40 0 0 0 0 0 0 0 0 0 0 5 0 0 0 0 0 0 0 0 9 0 5 4 4 15 5 0 0 4 0 0 0 3 5 0 15 0 0 30 41 0 1 0 2
96 48 0 0 0 54 0 0 16 0 125 54 0 0 30 32 54 14 76 0 0 0 36 72 45 103 88 48 0 0 0 72 79 0 18 0 120 81 0 70 0 25 51 24 81 0 0 5 28 0 0 27 18 45 8 0 0 0 0 92 0 6 72 12
24 4 0 0 42 103 56 0 0 0 12 1 48 0 30 0 0 42 36 28 0 0 5 0 26 9 0 0 0 0 0 0 3 0 18 0 107 0 0 58 0 0 116 24 81 0 36 0 0 27 12 27 18 52 0 30 0 3 0 36 0 6 18 12
0 58 40 36 9 126 18 2 0 88 35 0 8 0 0 0 81 32 0 0 0 0 2 0 26 14 0 96 0 48 16 92 12 32 54 7 75 0 0 0 81 12 7 0 0 9 0 0 0 0 0 0 0 0 54 48 57 36 16 28 16 56 0 0
18 0 0 0 0 0 0 0 0 56 0 0 0 0 0 0 0 2 10 8 0 0 0 0 0 7 0 0 0 0 0 18 69 0 0 0 0 0 0 4 0 4 0 0 0 0 0 0 4 0 0 0 0 56 0 0 0 40 0 0 0 0 8 24
0 0 0 23 31 0 0 24 0 0 0 0 2 0 22 0 0 28 0 0 0 0 3 15 0 0 0 16 0 40 0 0 0 24 0 0 41 0 0 32 0 0 0 0 36 0 0 0 0 36 0 16 0 9 18 16 0 12 0 0 0 0 0 0
0 38 8 0 22 7 0 0 0 12 0 8 5 0 18 0 32 0 0 0 0 0 82 0 1 72 1 0 0 0 0 0 40 0 0 0 0 0 0 44 4 0 30 6 0 0 0 0 0 0 28 0 0 56 0 0 0 0 34 0 0 0 0 0
0 6 0 27 4 7 0 0 0 24 0 0 5 0 0 0 0 8 0 0 0 0 0 0 10 4 1 0 0 0 36 45 63 72 57 0 0 0 0 0 0 27 0 0 0 0 0 0 16 0 0 0 0 0 0 0 27 0 4 0 0 0 0 0
0 0 20 9 10 52 12 6 6 80 0 14 0 49 1 2 118 13 12 0 0 12 4 0 14 141 24 28 21 0 12 63 77 30 15 0 49 24 0 8 78 9 0 0 15 6 12 0 16 9 72 4 20 0 0 0 39 0 0 56 0 0 40 0
0 8 0 24 0 0 2 0 0 24 0 2 0 0 24 0 0 0 0 0 0 0 10 20 9 41 0 56 0 0 28 0 14 0 12 0 0 0 0 55 3 35 12 0 8 0 0 0 0 0 0 42 0 14 0 0 0 0 0 0 24 0 16 0
0 0 12 33 40 6 0 48 0 18 0 6 3 0 80 12 48 52 4 0 56 0 0 0 0 0 48 78 0 24 84 35 45 104 37 40 70 0 0 64 6 27 3 0 81 0 0 0 0 120 42 35 0 5 51 24 69 18 72 28 0 16 0 20
20 0 0 0 0 0 0 0 0 0 36 0 0 0 25 12 0 0 0 0 16 0 0 0 0 8 0 8 32 0 0 0 0 0 0 0 0 0 0 45 0 0 0 20 0 0 0 0 12 0 36 0 15 0 24 0 0 0 0 90 0 5 0 30
24 4 27 69 12 30 0 0 0 0 0 0 30 54 0 0 0 48 21 0 81 45 0 0 12 0 0 9 81 0 0 0 0 0 0 48 33 0 0 0 0 0 12 0 12 0 81 0 0 0 27 0 2 0 6 0 0 0 81 63 0 0 0 0
0 24 0 2 0 0 20 4 0 0 0 6 8 0 0 0 0 20 0 44 0 0 34 0 28 18 0 0 0 0 4 36 18 0 36 0 0 0 16 24 0 4 0 0 12 0 24 0 0 0 32 0 0 46 0 12 22 0 24 28 0 0 0 0
72 42 0 4 0 36 21 0 66 49 117 0 45 0 12 28 0 8 14 8 42 0 36 73 18 36 56 42 0 0 1 0 4 7 48 77 105 0 2 21 7 1 74 0 11 61 0 12 0 0 18 21 35 1 1 3 0 0 6 7 12 0 36 0
0 24 13 14 10 14 0 0 0 0 0 3 10 12 66 0 0 10 21 0 28 63 22 40 2 28 2 0 21 0 14 0 70 0 0 10 0 28 0 12 0 0 0 0 0 0 39 24 68 0 0 6 21 29 0 0 0 0 44 18 48 4 32 0
18 0 16 0 14 7 0 0 0 28 40 48 0 12 0 0 48 46 4 4 0 0 34 0 54 54 18 0 0 0 0 0 28 0 0 56 0 72 0 0 0 0 0 0 0 10 0 0 0 0 0 0 0 28 0 0 0 20 0 42 16 0 30 12
32 0 4 48 67 0 12 0 36 0 0 0 0 0 81 0 16 0 12 0 35 12 46 0 24 56 0 48 0 0 49 0 0 40 0 127 48 16 0 24 4 0 42 6 0 4 12 0 0 0 0 12 36 24 0 8 42 0 117 0 24 14 0 0
0 0 0 18 0 0 81 0 0 16 35 42 0 14 48 0 105 0 0 0 0 0 28 40 39 59 0 8 6 0 24 93 34 48 30 0 0 135 0 0 0 18 0 0 0 0 0 0 0 0 0 0 18 0 0 0 63 0 0 0 48 0 32 0
8 18 12 66 0 56 0 18 0 0 32 0 16 24 0 0 0 4 16 0 57 20 0 0 32 16 36 0 36 0 0 0 0 0 0 0 0 0 0 0 0 0 0 0 4 0 36 0 0 72 9 0 0 0 0 0 0 8 60 28 0 0 0 0
0 24 4 8 1 15 0 4 0 6 70 59 0 0 15 9 105 0 0 0 17 40 61 5 45 50 8 0 0 0 7 0 25 0 0 5 25 81 0 20 2 0 0 0 0 0 0 0 0 0 14 0 0 35 18 0 0 15 19 21 6 12 39 15
40 42 0 58 0 0 64 0 0 72 0 7 8 63 0 9 0 68 35 32 12 0 0 0 34 98 56 99 27 0 0 0 0 0 0 0 0 0 0 24 6 7 48 0 20 7 0 0 0 56 59 0 0 0 18 0 56 0 0 21 0 0 0 15
0 0 0 0 15 63 0 0 0 0 36 0 18 0 15 0 0 0 0 0 0 20 35 0 36 58 0 0 0 0 0 0 0 0 0 0 0 0 0 10 0 0 25 5 0 0 0 15 30 81 0 0 0 5 0 0 0 9 25 0 0 0 0 0
0 28 2 0 0 28 30 0 0 3 0 0 77 0 0 0 6 0 6 6 0 6 2 0 0 61 3 63 0 0 0 0 0 0 0 0 56 8 6 0 0 42 14 0 0 0 6 0 0 0 0 0 20 0 45 0 42 0 0 7 0 0 5 0
81 12 0 45 46 0 56 0 12 0 0 3 7 0 63 0 0 42 45 28 5 0 24 45 14 36 0 0 0 72 7 81 27 3 0 17 27 0 0 30 0 18 36 0 0 0 0 0 0 0 0 0 15 48 0 0 0 0 9 0 0 2 48 0
0 8 9 37 7 0 45 8 12 0 0 0 0 18 69 0 35 0 0 0 62 15 0 5 0 25 16 0 27 0 49 35 2 3 0 47 0 40 0 0 0 0 15 0 0 0 27 0 0 0 0 0 25 0 0 0 25 0 90 21 6 14 16 0
57 30 0 12 8 14 3 0 6 9 54 0 10 0 0 12 0 28 47 0 0 0 0 27 2 11 26 24 24 0 0 9 20 0 0 0 18 0 18 2 0 2 9 0 36 0 0 0 17 0 81 0 0 0 9 0 0 0 8 24 0 0 4 0
0 72 0 0 36 147 0 0 0 0 47 2 61 0 0 0 0 0 0 0 0 0 0 0 41 22 25 18 0 0 0 0 0 0 0 3 0 0 32 0 0 2 3 0 0 0 0 0 0 88 0 0 0 32 0 0 56 8 36 12 0 24 0 0
36 0 32 0 56 51 45 0 0 46 25 4 45 24 0 0 70 8 8 0 0 40 4 0 15 60 32 36 0 0 0 35 0 0 20 0 70 40 12 0 0 4 90 0 0 20 48 0 0 32 16 0 10 0 6 40 57 15 10 0 32 10 59 0
0 0 0 0 0 0 0 0 0 64 0 6 0 0 0 0 0 0 0 72 0 32 0 0 39 0 48 54 0 0 9 0 0 25 32 40 0 0 0 0 0 15 0 0 27 0 0 24 48 48 0 0 15 17 0 27 48 0 69 63 15 0 0 0
28 24 0 37 47 112 0 0 0 56 48 0 14 49 41 0 48 0 0 0 0 0 1 5 42 71 0 28 21 8 0 0 0 0 0 4 3 0 72 79 4 0 110 28 0 0 36 0 0 63 12 0 21 75 0 54 0 7 0 58 0 39 18 14
0 20 0 0 6 0 4 0 0 6 0 0 0 0 6 0 0 0 0 0 0 0 14 0 0 34 6 45 15 0 0 0 0 0 0 0 15 0 0 4 0 0 14 2 16 5 0 0 4 0 0 30 10 0 30 0 0 0 10 34 0 0 10 0
54 24 0 0 8 4 0 0 0 0 0 0 0 0 0 0 0 24 30 0 0 0 0 0 8 18 0 54 0 0 0 54 12 0 0 32 18 0 0 12 0 12 0 0 0 0 0 0 0 0 0 0 12 0 36 0 0 0 0 0 0 0 24 0
32 0 17 0 0 8 117 0 3 0 72 7 63 0 40 1 65 0 3 9 0 3 1 0 0 118 0 32 16 0 0 56 0 0 0 0 0 72 0 72 8 144 0 32 3 0 3 45 0 0 8 0 47 0 72 0 103 0 0 48 0 8 8 16
40 30 0 10 0 48 0 0 28 7 45 42 0 0 0 26 0 20 35 1 0 36 0 45 0 34 40 46 0 0 8 0 7 0 0 0 30 24 0 10 48 10 15 0 38 0 0 27 54 0 93 12 24 16 0 0 0 5 0 0 0 0 0 3
0 0 0 0 0 0 0 0 0 22 0 0 0 14 0 0 0 0 0 0 0 0 0 0 4 59 15 8 6 0 0 0 0 0 0 0 0 0 0 0 0 0 4 0 0 5 0 0 4 0 0 0 0 0 0 0 0 0 0 35 0 0 25 0
0 0 0 24 26 0 5 0 50 16 72 0 7 14 63 0 1 0 12 1 109 0 48 15 4 97 9 32 6 0 35 0 6 0 32 25 48 0 0 0 0 7 0 0 0 72 0 16 0 0 0 0 0 12 0 0 28 0 77 21 18 10 27 0
0 0 0 72 3 147 60 0 21 16 52 49 104 14 0 7 99 0 0 49 0 64 0 0 22 181 0 8 6 0 5 31 0 10 0 16 96 36 0 36 92 68 50 0 36 3 0 0 0 27 56 0 36 5 0 15 83 27 52 35 6 16 56 0
72 0 0 0 0 0 25 0 28 27 0 0 2 0 0 9 0 12 40 24 12 0 0 0 4 24 0 0 0 0 2 72 16 7 0 28 0 0 18 16 0 18 53 0 42 15 0 0 12 0 0 0 35 2 27 6 10 0 12 35 0 0 60 15
0 0 14 20 0 0 0 0 0 0 0 0 5 0 0 0 0 20 0 0 0 0 0 0 0 5 0 76 14 40 4 0 0 0 0 0 10 0 0 5 0 5 0 0 0 0 0 0 0 0 0 6 0 0 45 40 0 30 0 0 0 0 7 0
16 24 3 11 16 28 0 0 0 63 24 0 20 6 0 0 0 8 14 41 9 5 0 0 4 0 4 0 9 0 4 0 63 0 0 0 0 0 0 0 0 31 0 0 20 0 9 15 0 0 18 0 0 67 24 12 0 45 49 35 0 0 0 27
115 6 56 22 18 0 6 18 0 0 0 0 0 42 14 0 0 42 34 0 0 4 9 10 0 48 21 0 0 16 0 36 89 12 0 14 20 0 0 30 2 8 0 0 18 37 0 3 42 18 0 14 0 7 0 0 0 0 0 21 56 0 31 0
0 0 0 0 18 0 0 0 0 0 0 0 0 0 18 0 0 0 0 32 0 0 42 0 0 48 0 0 0 0 4 0 0 0 0 0 0 0 0 12 0 4 30 6 12 0 0 0 0 0 0 0 0 4 0 12 0 0 54 28 0 0 0 0
