72 5 8 32 10 0 16 93 36 8 0 15 7 0 0 1 0 0 0 54 7 45 20 18 10 32 16 16 0 6 0 32 44 0 32 0 0 12 0 0 0 36 0 72 0 0 72 82 0 40 126 24 12 27 0 110 0 8 12 16 42 16 42 25
0 18 4 0 18 0 8 36 18 27 63 0 73 0 63 6 27 0 0 30 0 15 0 0 109 0 8 9 0 0 0 63 81 0 79 0 86 63 27 0 0 12 0 34 0 6 49 81 0 0 45 10 9 104 0 31 10 0 0 36 0 3 0 45
0 0 14 0 0 0 69 18 0 0 0 0 0 1 11 0 0 0 48 0 0 6 3 0 64 8 0 0 0 8 0 3 48 0 0 0 2 0 0 0 0 0 14 0 2 0 0 5 0 0 0 0 16 0 0 0 0 43 0 0 40 72 0 0
0 25 48 42 0 0 36 0 81 28 0 56 27 9 21 90 15 0 0 64 59 0 1 0 45 63 36 5 0 0 39 0 140 28 107 0 0 0 0 0 4 0 63 0 0 0 28 35 0 0 24 18 63 18 5 99 0 21 0 0 0 3 6 25
0 94 25 0 0 0 0 99 56 49 0 0 0 3 0 0 0 30 0 0 35 0 0 0 0 0 0 56 0 24 18 0 0 0 0 0 0 48 0 0 0 87 0 83 0 0 48 39 18 27 50 15 0 48 0 30 91 0 0 45 35 0 99 0
0 4 5 0 14 0 0 0 9 0 0 0 0 103 0 12 6 0 0 16 0 20 15 48 18 0 0 2 2 36 63 31 0 0 14 0 40 28 0 0 52 32 0 0 7 8 85 14 0 0 0 0 4 0 0 0 9 0 0 44 12 0 0 10
12 0 4 2 0 5 0 40 21 0 129 24 0 3 0 0 0 0 0 0 5 0 5 0 36 14 64 0 0 8 6 0 81 39 0 20 0 0 0 0 0 56 0 35 0 0 0 1 0 9 0 77 42 58 0 0 0 0 0 0 0 0 0 0
0 0 0 10 2 0 0 0 40 37 0 0 1 6 0 0 0 0 0 56 15 9 4 0 2 56 0 24 0 48 36 64 0 16 12 0 0 0 0 0 0 27 0 0 0 14 0 62 0 62 6 42 0 0 0 48 21 0 24 0 30 0 29 5
0 0 32 0 14 40 0 32 58 0 0 112 0 16 0 0 0 0 0 24 0 0 40 48 0 0 0 0 0 0 0 49 0 32 0 0 63 81 0 0 0 0 0 0 0 0 0 0 0 0 0 0 7 0 0 0 0 0 0 28 0 0 0 0
0 18 62 6 30 35 0 12 35 6 0 63 0 14 0 0 0 10 0 27 0 0 75 9 24 21 9 0 10 15 18 39 27 34 0 0 12 16 0 0 21 4 0 0 35 8 0 48 10 9 9 7 18 0 0 18 59 0 9 2 33 15 12 45
0 0 0 0 0 0 0 0 16 14 14 0 0 0 0 0 0 0 0 0 45 0 0 42 0 0 0 16 0 0 0 21 0 42 0 0 0 28 0 63 0 18 0 0 49 0 0 0 21 0 4 0 0 42 0 0 14 0 0 0 0 63 18 0
0 8 30 0 0 0 0 0 72 63 0 0 0 9 0 45 12 0 0 18 45 0 7 0 36 6 0 76 0 30 39 0 0 0 28 0 0 0 0 0 4 81 0 0 0 0 7 28 0 0 18 24 18 0 5 0 63 5 0 0 0 0 81 20
81 16 34 8 2 35 0 45 41 0 63 63 0 34 9 9 0 0 0 8 16 15 35 24 28 14 0 0 0 97 6 0 69 28 0 36 18 14 0 0 12 16 35 0 0 0 14 0 0 2 16 56 42 14 1 0 0 0 0 0 0 2 0 0
0 0 0 24 0 2 0 0 8 7 0 0 0 0 0 0 0 3 56 16 5 0 12 24 120 18 56 8 9 40 48 0 6 16 0 0 47 0 0 5 56 73 0 0 12 0 0 0 0 24 2 0 0 4 18 12 7 56 0 0 64 18 9 0
24 0 0 32 0 0 0 12 72 69 0 24 0 0 0 26 0 0 0 27 21 0 42 0 0 90 0 24 0 0 0 0 15 48 12 0 0 0 36 0 0 27 27 0 42 22 0 0 0 0 42 20 27 36 66 63 21 0 0 0 0 4 38 0
36 0 0 18 0 0 0 0 0 12 10 24 0 18 0 18 0 0 0 18 47 0 27 0 0 36 0 0 0 0 0 0 15 12 0 27 0 83 0 45 0 18 27 0 35 0 14 63 60 0 25 0 27 36 0 0 45 0 45 72 0 2 36 45
0 0 0 0 18 0 0 42 63 12 30 0 57 0 0 48 0 0 0 54 0 87 126 0 18 84 0 0 0 0 0 48 0 0 24 27 42 87 48 0 0 38 0 0 0 0 0 90 45 72 18 0 0 36 18 36 0 0 18 72 72 0 90 90
96 0 0 54 0 0 0 117 0 36 0 72 0 30 8 75 0 0 0 12 18 59 20 0 0 87 0 0 0 135 18 0 45 36 0 32 23 0 0 0 8 20 137 40 0 14 117 72 0 0 36 0 81 15 0 25 30 0 30 49 21 0 0 0
32 0 0 0 0 0 0 0 0 0 0 0 0 26 0 0 0 0 0 16 0 0 51 12 0 8 0 0 0 0 0 0 0 0 0 0 0 0 0 0 6 8 0 0 0 0 0 56 0 0 8 0 0 0 0 0 40 0 40 0 0 0 0 0
0 60 55 0 30 14 0 58 0 0 0 5 0 0 0 0 18 21 0 12 0 0 40 6 54 0 0 6 73 0 0 15 42 0 42 0 49 4 0 35 0 0 0 42 35 0 0 42 0 0 0 0 0 64 0 0 45 0 0 54 42 14 0 30
0 64 6 67 24 0 12 0 56 0 0 0 0 0 4 0 0 0 0 30 0 0 0 24 0 0 0 0 0 72 0 56 24 56 42 0 72 112 0 0 0 6 54 0 0 49 0 5 0 8 0 42 8 18 0 0 0 0 0 32 0 0 7 0
0 8 5 0 0 0 0 95 0 0 0 40 7 0 7 0 0 0 0 0 0 0 18 48 0 27 0 0 0 0 0 0 0 0 0 0 54 32 0 0 0 18 0 7 18 0 0 0 0 0 0 0 0 12 27 18 0 0 0 9 7 0 0 0
0 24 6 66 3 0 0 30 45 0 61 15 40 0 0 0 0 0 0 0 5 0 30 0 0 35 48 0 0 24 0 0 27 25 20 20 0 21 35 0 0 47 0 35 0 72 0 18 36 84 21 75 12 40 15 0 0 0 0 18 0 6 45 30
12 0 0 2 0 0 68 0 16 0 0 0 0 9 0 0 0 0 42 46 0 0 1 48 120 7 24 0 0 40 57 0 42 26 0 18 0 42 0 0 60 18 54 0 0 0 7 0 30 0 0 0 14 42 0 0 0 35 0 48 99 79 24 30
24 0 0 4 0 0 0 4 96 56 16 14 0 0 0 0 0 0 0 0 107 0 12 6 0 18 0 64 0 0 0 0 0 35 0 12 0 36 0 72 0 72 0 21 68 0 21 0 24 0 40 0 0 24 18 12 56 0 0 0 0 3 72 0
0 8 0 4 9 28 0 63 32 28 0 0 0 0 0 0 0 0 0 0 20 7 6 0 0 0 0 32 0 22 49 28 3 0 70 0 36 35 49 0 49 36 21 42 0 0 0 0 0 1 8 0 60 0 0 0 28 14 0 16 0 0 36 0
24 0 12 0 0 15 0 0 15 0 0 27 42 18 42 0 0 0 0 16 0 0 33 48 0 6 0 0 0 12 0 24 0 60 0 0 0 0 0 0 0 0 0 0 0 0 0 42 0 0 6 0 0 84 0 0 30 2 30 0 0 72 0 0
16 0 117 56 54 10 16 46 0 0 0 35 0 8 32 36 0 12 0 48 0 0 84 74 42 6 0 0 54 64 24 27 24 32 4 0 28 28 14 20 30 8 72 0 63 16 0 68 0 0 4 22 6 40 20 0 101 14 20 0 0 8 0 0
0 0 0 36 0 0 0 9 0 24 0 48 2 54 0 36 0 0 0 0 12 3 6 0 4 54 0 0 0 0 54 0 30 24 0 0 1 0 0 0 56 4 54 10 0 0 55 6 0 0 6 28 54 3 32 5 2 20 0 0 0 0 0 0
138 8 4 12 1 5 0 66 69 63 54 9 0 2 6 14 0 0 0 8 0 0 5 0 0 0 72 0 0 86 0 0 3 44 0 24 12 7 63 0 0 63 18 0 0 14 0 0 0 1 63 32 0 135 0 0 0 4 0 0 0 7 0 0
0 0 9 10 0 0 0 45 0 0 95 0 0 0 0 0 0 0 0 63 35 0 3 0 36 0 25 0 0 0 0 0 113 0 0 0 0 33 0 63 10 0 0 0 49 0 0 27 21 0 9 0 18 18 0 0 0 0 0 0 0 9 21 45
0 0 42 12 14 23 4 54 59 0 25 9 47 2 24 0 0 0 0 6 0 69 63 0 14 35 34 0 0 60 42 0 15 4 76 0 0 6 35 0 12 5 18 36 0 0 0 30 0 56 15 2 48 0 15 8 0 0 0 0 42 0 45 35
34 0 38 6 36 10 6 0 10 0 54 18 0 4 0 0 0 0 14 0 0 0 70 0 38 0 8 0 12 0 0 18 54 8 0 0 20 0 0 0 0 16 8 0 42 0 0 0 8 6 0 0 0 44 0 0 60 14 18 0 0 2 0 0
74 0 7 54 0 9 18 0 0 36 0 72 2 18 0 60 5 6 0 64 18 19 22 0 7 86 0 0 0 88 69 0 45 36 32 0 33 0 0 0 0 0 90 20 0 4 23 43 24 72 5 40 105 0 0 0 45 0 79 14 6 6 18 0
0 0 8 0 0 0 16 0 36 0 0 0 0 0 0 0 0 0 0 24 0 0 0 0 0 0 16 0 0 0 0 0 36 0 32 0 0 0 0 0 0 0 0 0 0 0 0 0 0 0 0 8 0 0 0 32 0 0 0 0 0 0 0 0
12 0 0 7 0 0 10 40 0 0 93 0 0 0 0 0 0 0 0 25 0 0 54 20 29 81 64 0 0 0 0 0 45 4 0 0 0 0 0 0 32 61 51 0 54 2 0 0 0 0 0 44 0 49 113 54 0 20 0 0 0 0 0 0
0 0 18 18 0 0 0 0 0 12 9 24 0 27 0 45 0 0 0 18 6 0 3 0 12 27 0 0 0 54 45 0 24 12 0 0 0 0 0 0 76 0 27 0 0 0 21 0 0 0 0 56 27 2 67 0 0 49 0 0 0 0 0 0
117 0 0 60 0 6 24 33 0 45 0 9 0 4 5 10 0 0 0 0 3 2 21 0 40 0 10 0 0 81 38 0 2 47 16 44 50 30 45 0 4 8 6 33 0 26 0 4 52 36 45 30 16 85 0 0 24 0 72 32 0 13 16 20
0 73 14 4 1 0 50 0 78 0 0 0 8 0 0 4 0 25 12 77 28 0 0 12 16 12 28 0 0 8 0 0 110 0 56 0 0 47 0 0 0 3 27 0 0 0 0 0 15 1 0 54 34 9 0 92 35 38 0 0 10 18 38 0
28 72 8 36 18 6 69 81 0 105 0 48 0 42 7 81 0 40 48 14 84 45 45 0 64 96 0 0 0 81 27 66 78 24 12 0 92 127 123 0 54 0 54 0 20 36 165 49 24 0 160 18 79 81 27 18 91 55 35 99 67 90 48 0
0 24 15 3 4 33 0 27 64 56 0 0 1 4 0 0 0 0 7 0 40 8 0 0 7 0 4 64 0 49 80 0 0 2 64 0 5 0 0 0 0 80 24 69 0 0 0 7 0 39 16 20 64 18 0 0 56 7 0 27 21 0 72 8
42 16 16 67 0 24 22 20 56 0 24 0 0 2 14 0 24 0 0 46 0 8 12 60 102 0 32 8 0 16 56 24 0 95 120 0 4 0 0 0 0 34 78 48 4 36 0 56 12 27 0 29 64 54 0 0 0 6 0 6 0 54 0 40
0 10 0 0 0 0 0 24 0 36 0 15 4 74 0 58 0 0 0 0 14 6 62 18 0 0 0 0 0 16 84 0 16 0 0 0 0 36 42 0 32 0 0 0 0 8 56 50 0 18 36 18 0 36 5 53 0 14 0 0 0 4 4 0
63 0 0 35 0 14 0 48 0 0 36 0 0 0 7 0 0 21 0 0 0 0 0 54 34 0 48 0 63 63 0 27 42 74 0 28 63 0 0 35 72 50 0 16 0 10 16 12 0 0 12 75 0 88 72 10 0 45 0 0 0 95 0 0
0 0 24 0 12 0 0 129 0 0 0 6 0 0 0 36 0 0 0 0 2 0 0 0 0 4 0 0 0 0 24 42 0 10 0 8 102 42 0 0 0 52 0 86 0 0 72 54 0 0 54 16 18 43 4 45 0 0 0 24 0 0 0 0
0 8 5 10 0 9 0 90 16 0 0 3 0 0 0 0 0 0 0 18 1 0 0 0 0 0 0 0 0 0 0 0 0 21 30 4 0 0 63 0 63 0 0 14 0 14 0 0 0 0 0 12 0 14 0 0 0 18 0 9 7 0 8 0
0 64 0 28 7 0 0 0 0 0 0 0 0 0 0 0 12 0 0 8 0 0 0 0 36 0 0 4 0 56 0 0 21 0 28 0 0 49 0 0 0 0 0 0 0 0 0 28 0 7 0 0 0 0 0 0 0 0 0 0 0 0 0 20
0 93 36 24 6 50 0 60 45 0 18 81 0 18 0 24 0 25 0 0 0 3 72 0 0 0 24 0 0 48 0 0 18 36 10 0 0 94 38 0 35 21 0 0 0 0 0 24 15 6 0 6 0 0 0 0 35 10 0 0 0 0 30 0
0 32 0 26 4 0 0 30 16 0 0 30 0 30 0 0 0 0 0 24 0 0 0 93 56 0 21 0 0 97 42 0 12 30 12 0 6 52 0 0 67 26 0 0 0 14 0 0 0 4 0 12 0 0 0 0 0 5 0 0 56 14 2 0
0 40 32 23 5 40 10 0 40 6 0 72 0 16 0 40 0 0 7 62 0 5 88 20 7 21 4 0 0 88 0 24 15 32 0 0 5 55 5 0 0 13 45 0 0 0 0 61 0 8 0 0 0 15 0 18 0 15 9 0 9 0 0 0
0 0 8 6 0 24 0 0 0 0 0 0 0 40 0 0 0 0 14 0 0 8 0 48 14 0 8 0 0 16 56 0 24 0 64 0 10 0 0 0 24 48 24 48 0 0 0 24 0 6 8 0 80 0 0 0 0 14 0 0 0 8 0 40
0 45 0 10 0 0 0 90 8 7 54 0 18 0 0 9 0 0 0 0 68 0 0 0 0 0 97 8 0 0 0 0 77 0 0 0 0 5 0 0 10 72 0 0 0 0 0 0 0 0 2 18 0 0 0 81 7 63 0 0 0 0 27 0
0 0 0 54 0 0 0 0 0 0 0 0 0 9 0 0 0 0 0 0 0 0 1 0 2 0 0 0 0 0 9 0 0 0 0 18 0 42 0 0 20 12 0 0 0 72 7 0 66 81 0 77 0 24 16 0 0 10 0 66 0 0 24 30
0 0 0 6 0 0 0 63 75 0 40 0 64 0 0 0 0 0 0 4 0 0 57 0 0 56 15 0 0 0 0 0 3 0 32 0 36 3 56 0 6 20 0 0 0 0 0 0 0 0 24 0 0 0 24 0 0 0 0 0 0 0 72 0
0 8 0 6 0 17 0 0 0 0 45 0 2 0 0 0 12 21 14 8 0 4 12 0 70 0 8 4 63 2 7 0 87 0 36 0 60 0 0 35 0 16 3 8 0 0 5 28 0 6 0 0 8 38 0 0 2 14 0 0 0 14 0 20
0 60 0 24 6 0 0 35 0 0 42 0 0 0 0 18 18 0 0 18 0 30 0 0 54 0 56 6 0 120 0 0 18 0 42 0 6 42 0 0 0 49 0 0 0 12 54 42 0 6 0 14 0 0 0 0 0 3 0 42 18 0 0 30
16 104 100 0 0 0 0 72 0 0 14 18 23 0 31 44 0 0 0 0 97 0 0 0 0 0 0 0 0 48 24 0 64 30 0 24 0 28 0 63 0 0 8 98 49 0 0 30 21 0 0 0 0 134 4 72 0 56 0 72 56 0 16 0
36 0 0 16 0 0 0 0 0 0 0 0 0 0 0 0 0 0 0 0 0 0 0 0 0 0 0 8 0 0 0 0 0 0 0 0 0 0 0 0 0 0 0 0 0 0 0 0 0 0 36 0 0 0 0 0 0 0 0 8 0 8 20 0
27 18 0 0 0 0 0 0 0 0 8 0 0 0 3 0 0 10 0 8 20 0 0 12 32 0 12 0 0 47 24 0 0 8 0 12 6 32 0 36 28 0 0 0 28 0 0 0 18 0 0 0 0 0 0 0 14 0 0 0 32 8 12 0
0 8 0 0 0 0 0 0 0 0 0 15 12 0 0 0 12 0 0 8 5 18 0 0 36 0 0 4 0 0 0 0 0 25 28 20 6 0 0 0 0 0 0 47 0 0 30 28 0 0 0 0 0 40 0 0 12 0 0 0 0 0 0 20
0 72 45 0 0 0 0 81 0 0 9 15 21 0 21 0 0 0 0 0 5 0 3 0 6 0 0 0 0 0 0 0 9 25 0 20 0 0 0 0 16 0 0 98 0 0 0 0 0 0 0 14 0 114 16 0 0 10 0 81 63 0 0 0
0 8 0 4 1 0 8 0 0 0 0 0 0 9 0 0 0 0 6 0 0 0 0 0 8 1 0 0 0 80 54 0 9 0 0 0 0 7 0 0 0 0 0 0 0 0 0 9 0 82 0 45 2 0 0 0 0 5 0 0 5 9 0 0
36 0 0 0 0 0 0 0 29 7 18 0 12 18 0 0 0 0 0 46 5 18 27 0 8 9 0 8 0 0 0 0 18 0 0 0 6 0 0 0 0 9 0 12 0 0 30 63 0 0 11 0 0 4 1 7 64 0 45 0 0 0 9 0
0 10 36 0 0 18 0 0 0 0 9 24 6 0 24 48 15 0 0 10 8 21 54 0 49 0 0 5 0 60 42 0 9 40 83 32 3 24 6 0 0 0 18 98 0 0 15 113 0 0 0 0 48 66 0 0 6 0 0 0 0 0 0 25
