4 1 0 0 1 1 7 9 8 3 3 8 8 5 2 9
8 8 7 3 3 3 4 0 3 9 6 3 0 3 7 1
1 9 5 5 6 8 9 3 7 0 9 1 4 4 8 3
8 2 3 6 3 4 7 7 5 5 2 8 1 7 1 5
2 4 6 3 7 2 3 0 6 0 9 4 8 6 7 5
2 1 8 8 3 8 7 4 8 2 9 2 4 6 8 3
5 1 6 1 4 4 5 0 9 9 3 9 9 5 3 7
2 0 1 5 9 8 8 0 5 4 4 8 6 3 9 9
9 7 8 8 2 5 2 8 4 6 6 0 0 1 0 3
5 5 0 8 6 8 9 8 3 4 5 0 1 2 5 7
3 5 4 1 1 0 1 5 2 8 7 7 4 0 8 2
1 0 9 4 4 5 1 2 1 8 4 0 8 4 6 3
8 7 6 8 1 7 0 2 9 8 4 3 7 8 6 3
0 1 9 7 3 0 7 4 9 0 1 1 5 5 8 5
0 1 0 1 4 9 4 3 0 2 7 7 8 2 2 5
1 9 2 7 7 3 8 6 3 0 6 7 5 9 7 5
