2 4 4 6 4 8 5 8 1 8 5 3 7 1 1 3
8 2 0 7 0 0 0 5 3 2 8 5 0 8 3 4
9 9 0 0 7 8 7 3 8 8 5 4 2 7 2 9
2 4 4 1 0 4 6 6 5 0 3 1 0 0 0 1
6 2 5 0 2 2 5 9 7 5 8 9 0 1 1 4
6 2 1 6 0 6 4 6 0 6 0 9 5 7 8 0
2 2 8 4 6 8 1 4 1 4 1 5 0 4 4 3
6 3 0 0 4 3 8 1 6 5 7 8 2 4 3 4
0 2 3 3 7 6 4 3 4 0 0 2 4 1 3 6
4 2 2 9 9 7 3 2 7 9 2 2 5 6 4 8
5 9 0 4 1 3 1 9 8 1 0 9 4 6 3 8
5 3 2 2 0 9 2 9 3 3 9 1 2 5 9 0
2 1 7 8 0 2 9 4 3 3 2 7 2 9 9 3
7 9 4 3 0 3 2 8 6 3 9 4 2 0 1 4
0 0 0 7 0 1 7 4 2 2 4 2 0 2 8 9
9 8 3 3 0 8 0 4 1 6 9 3 2 0 6 4
